5.0000 2.9586 2.6866
6.0000 3.0119 2.7500
7.0000 3.0558 2.7962
8.0000 3.0941 2.8276
9.0000 3.1294 2.8463
10.0000 3.1637 2.8546
11.0000 3.1983 2.8545
12.0000 3.2340 2.8486
13.0000 3.2713 2.8393
14.0000 3.3106 2.8295
15.0000 3.3517 2.8218
16.0000 3.3943 2.8190
17.0000 3.4381 2.8234
18.0000 3.4822 2.8371
19.0000 3.5259 2.8611
20.0000 3.5683 2.8955
21.0000 3.6086 2.9396
22.0000 3.6464 2.9920
23.0000 3.6811 3.0502
24.0000 3.7126 3.1121
25.0000 3.7408 3.1754
26.0000 3.7659 3.2385
27.0000 3.7881 3.2997
28.0000 3.8076 3.3582
29.0000 3.8246 3.4132
30.0000 3.8394 3.4645
31.0000 3.8523 3.5119
32.0000 3.8636 3.5554
33.0000 3.8733 3.5954
34.0000 3.8818 3.6317
35.0000 3.8891 3.6649
36.0000 3.8954 3.6952
37.0000 3.9008 3.7226
38.0000 3.9055 3.7476
39.0000 3.9095 3.7702
40.0000 3.9129 3.7908
41.0000 3.9158 3.8096
42.0000 3.9183 3.8265
43.0000 3.9203 3.8420
44.0000 3.9220 3.8561
45.0000 3.9234 3.8688
46.0000 3.9244 3.8804
47.0000 3.9253 3.8909
48.0000 3.9259 3.9005
49.0000 3.9264 3.9090
50.0000 3.9266 3.9170
51.0000 3.9268 3.9241
52.0000 3.9267 3.9305
53.0000 3.9266 3.9364
54.0000 3.9264 3.9416
55.0000 3.9261 3.9463
56.0000 3.9256 3.9506
57.0000 3.9252 3.9544
58.0000 3.9246 3.9577
59.0000 3.9240 3.9607
60.0000 3.9234 3.9635
61.0000 3.9227 3.9658
62.0000 3.9220 3.9678
63.0000 3.9213 3.9696
64.0000 3.9205 3.9712
65.0000 3.9197 3.9725
66.0000 3.9189 3.9735
67.0000 3.9181 3.9744
68.0000 3.9172 3.9751
69.0000 3.9164 3.9756
70.0000 3.9155 3.9760
71.0000 3.9147 3.9761
72.0000 3.9138 3.9763
73.0000 3.9130 3.9762
74.0000 3.9121 3.9761
75.0000 3.9113 3.9757
76.0000 3.9104 3.9755
77.0000 3.9096 3.9750
78.0000 3.9087 3.9744
79.0000 3.9079 3.9738
80.0000 3.9071 3.9731
