5.0000 3.0273 2.7811
6.0000 3.0735 2.8507
7.0000 3.1092 2.8998
8.0000 3.1389 2.9316
9.0000 3.1655 2.9490
10.0000 3.1910 2.9548
11.0000 3.2169 2.9515
12.0000 3.2438 2.9414
13.0000 3.2726 2.9270
14.0000 3.3033 2.9109
15.0000 3.3362 2.8955
16.0000 3.3709 2.8836
17.0000 3.4072 2.8776
18.0000 3.4445 2.8795
19.0000 3.4821 2.8910
20.0000 3.5193 2.9130
21.0000 3.5552 2.9454
22.0000 3.5893 2.9871
23.0000 3.6209 3.0364
24.0000 3.6499 3.0911
25.0000 3.6759 3.1487
26.0000 3.6991 3.2071
27.0000 3.7197 3.2644
28.0000 3.7376 3.3192
29.0000 3.7534 3.3708
30.0000 3.7671 3.4184
31.0000 3.7791 3.4618
32.0000 3.7895 3.5010
33.0000 3.7986 3.5362
34.0000 3.8066 3.5676
35.0000 3.8137 3.5955
36.0000 3.8199 3.6203
37.0000 3.8254 3.6420
38.0000 3.8303 3.6611
39.0000 3.8347 3.6778
40.0000 3.8387 3.6925
41.0000 3.8423 3.7053
42.0000 3.8456 3.7164
43.0000 3.8487 3.7259
44.0000 3.8516 3.7343
45.0000 3.8542 3.7414
46.0000 3.8567 3.7476
47.0000 3.8591 3.7527
48.0000 3.8614 3.7570
49.0000 3.8636 3.7608
50.0000 3.8657 3.7639
51.0000 3.8677 3.7665
52.0000 3.8698 3.7685
53.0000 3.8717 3.7702
54.0000 3.8737 3.7714
55.0000 3.8756 3.7725
56.0000 3.8775 3.7733
57.0000 3.8795 3.7738
58.0000 3.8814 3.7741
59.0000 3.8833 3.7743
60.0000 3.8852 3.7744
61.0000 3.8871 3.7744
62.0000 3.8890 3.7744
63.0000 3.8909 3.7741
64.0000 3.8928 3.7739
65.0000 3.8947 3.7738
66.0000 3.8966 3.7736
67.0000 3.8985 3.7734
68.0000 3.9005 3.7732
69.0000 3.9024 3.7731
70.0000 3.9044 3.7731
71.0000 3.9063 3.7731
72.0000 3.9082 3.7730
73.0000 3.9102 3.7731
74.0000 3.9121 3.7733
75.0000 3.9141 3.7735
76.0000 3.9160 3.7737
77.0000 3.9180 3.7741
78.0000 3.9199 3.7745
79.0000 3.9218 3.7751
80.0000 3.9238 3.7757
