5.0000 3.0375 2.8860
6.0000 3.0642 2.9351
7.0000 3.0838 2.9687
8.0000 3.0992 2.9906
9.0000 3.1123 3.0037
10.0000 3.1245 3.0094
11.0000 3.1365 3.0089
12.0000 3.1489 3.0032
13.0000 3.1620 2.9935
14.0000 3.1763 2.9804
15.0000 3.1919 2.9650
16.0000 3.2089 2.9482
17.0000 3.2273 2.9309
18.0000 3.2473 2.9142
19.0000 3.2685 2.8993
20.0000 3.2910 2.8869
21.0000 3.3146 2.8782
22.0000 3.3388 2.8743
23.0000 3.3636 2.8755
24.0000 3.3884 2.8825
25.0000 3.4131 2.8954
26.0000 3.4372 2.9140
27.0000 3.4605 2.9379
28.0000 3.4828 2.9663
29.0000 3.5038 2.9983
30.0000 3.5235 3.0330
31.0000 3.5418 3.0693
32.0000 3.5587 3.1063
33.0000 3.5742 3.1432
34.0000 3.5884 3.1793
35.0000 3.6014 3.2141
36.0000 3.6133 3.2474
37.0000 3.6241 3.2787
38.0000 3.6339 3.3082
39.0000 3.6429 3.3355
40.0000 3.6511 3.3608
41.0000 3.6587 3.3841
42.0000 3.6656 3.4055
43.0000 3.6720 3.4251
44.0000 3.6780 3.4431
45.0000 3.6834 3.4595
46.0000 3.6886 3.4745
47.0000 3.6933 3.4881
48.0000 3.6978 3.5006
49.0000 3.7020 3.5119
50.0000 3.7060 3.5223
51.0000 3.7098 3.5316
52.0000 3.7133 3.5401
53.0000 3.7167 3.5480
54.0000 3.7200 3.5552
55.0000 3.7231 3.5616
56.0000 3.7261 3.5676
57.0000 3.7290 3.5732
58.0000 3.7318 3.5781
59.0000 3.7346 3.5828
60.0000 3.7372 3.5871
61.0000 3.7398 3.5910
62.0000 3.7423 3.5947
63.0000 3.7447 3.5981
64.0000 3.7471 3.6012
65.0000 3.7495 3.6042
66.0000 3.7518 3.6071
67.0000 3.7540 3.6098
68.0000 3.7563 3.6122
69.0000 3.7585 3.6146
70.0000 3.7606 3.6169
71.0000 3.7627 3.6192
72.0000 3.7648 3.6212
73.0000 3.7669 3.6232
74.0000 3.7689 3.6253
75.0000 3.7709 3.6272
76.0000 3.7729 3.6291
77.0000 3.7748 3.6311
78.0000 3.7768 3.6328
79.0000 3.7787 3.6347
80.0000 3.7806 3.6364
