5.0000 3.0108 2.7391
6.0000 3.0635 2.8074
7.0000 3.1056 2.8582
8.0000 3.1415 2.8928
9.0000 3.1740 2.9133
10.0000 3.2052 2.9221
11.0000 3.2364 2.9223
12.0000 3.2686 2.9169
13.0000 3.3022 2.9092
14.0000 3.3372 2.9020
15.0000 3.3736 2.8981
16.0000 3.4109 2.9000
17.0000 3.4485 2.9093
18.0000 3.4859 2.9272
19.0000 3.5223 2.9534
20.0000 3.5572 2.9874
21.0000 3.5901 3.0278
22.0000 3.6207 3.0729
23.0000 3.6488 3.1210
24.0000 3.6744 3.1703
25.0000 3.6975 3.2195
26.0000 3.7183 3.2673
27.0000 3.7370 3.3133
28.0000 3.7538 3.3567
29.0000 3.7688 3.3973
30.0000 3.7823 3.4352
31.0000 3.7944 3.4702
32.0000 3.8052 3.5025
33.0000 3.8149 3.5323
34.0000 3.8237 3.5597
35.0000 3.8317 3.5847
36.0000 3.8388 3.6078
37.0000 3.8453 3.6290
38.0000 3.8512 3.6485
39.0000 3.8566 3.6665
40.0000 3.8615 3.6829
41.0000 3.8660 3.6982
42.0000 3.8701 3.7123
43.0000 3.8738 3.7253
44.0000 3.8773 3.7374
45.0000 3.8804 3.7486
46.0000 3.8833 3.7590
47.0000 3.8860 3.7686
48.0000 3.8885 3.7775
49.0000 3.8908 3.7859
50.0000 3.8929 3.7937
51.0000 3.8948 3.8009
52.0000 3.8967 3.8077
53.0000 3.8983 3.8140
54.0000 3.8999 3.8200
55.0000 3.9014 3.8255
56.0000 3.9027 3.8306
57.0000 3.9040 3.8355
58.0000 3.9052 3.8400
59.0000 3.9063 3.8443
60.0000 3.9073 3.8483
61.0000 3.9083 3.8521
62.0000 3.9092 3.8555
63.0000 3.9100 3.8588
64.0000 3.9108 3.8619
65.0000 3.9116 3.8649
66.0000 3.9123 3.8677
67.0000 3.9129 3.8701
68.0000 3.9136 3.8727
69.0000 3.9142 3.8748
70.0000 3.9147 3.8770
71.0000 3.9153 3.8790
72.0000 3.9158 3.8809
73.0000 3.9162 3.8826
74.0000 3.9167 3.8843
75.0000 3.9171 3.8858
76.0000 3.9175 3.8873
77.0000 3.9179 3.8887
78.0000 3.9183 3.8900
79.0000 3.9186 3.8912
80.0000 3.9190 3.8923
