5.0000 2.8057 2.3753
6.0000 2.8970 2.4771
7.0000 2.9709 2.5671
8.0000 3.0318 2.6439
9.0000 3.0832 2.7070
10.0000 3.1279 2.7568
11.0000 3.1680 2.7943
12.0000 3.2054 2.8217
13.0000 3.2410 2.8413
14.0000 3.2757 2.8556
15.0000 3.3099 2.8672
16.0000 3.3439 2.8782
17.0000 3.3775 2.8911
18.0000 3.4107 2.9072
19.0000 3.4431 2.9277
20.0000 3.4744 2.9533
21.0000 3.5043 2.9841
22.0000 3.5325 3.0193
23.0000 3.5589 3.0584
24.0000 3.5832 3.1000
25.0000 3.6054 3.1431
26.0000 3.6257 3.1866
27.0000 3.6439 3.2294
28.0000 3.6604 3.2707
29.0000 3.6751 3.3102
30.0000 3.6883 3.3473
31.0000 3.7002 3.3819
32.0000 3.7108 3.4138
33.0000 3.7204 3.4432
34.0000 3.7290 3.4701
35.0000 3.7368 3.4946
36.0000 3.7438 3.5169
37.0000 3.7502 3.5370
38.0000 3.7561 3.5553
39.0000 3.7614 3.5719
40.0000 3.7663 3.5868
41.0000 3.7709 3.6005
42.0000 3.7750 3.6127
43.0000 3.7789 3.6240
44.0000 3.7826 3.6341
45.0000 3.7860 3.6433
46.0000 3.7892 3.6517
47.0000 3.7922 3.6594
48.0000 3.7950 3.6663
49.0000 3.7977 3.6728
50.0000 3.8003 3.6786
51.0000 3.8027 3.6841
52.0000 3.8051 3.6891
53.0000 3.8074 3.6938
54.0000 3.8095 3.6981
55.0000 3.8116 3.7022
56.0000 3.8136 3.7059
57.0000 3.8156 3.7095
58.0000 3.8174 3.7129
59.0000 3.8193 3.7161
60.0000 3.8210 3.7191
61.0000 3.8228 3.7220
62.0000 3.8244 3.7247
63.0000 3.8261 3.7273
64.0000 3.8276 3.7299
65.0000 3.8292 3.7323
66.0000 3.8307 3.7347
67.0000 3.8322 3.7370
68.0000 3.8336 3.7392
69.0000 3.8350 3.7413
70.0000 3.8364 3.7435
71.0000 3.8378 3.7455
72.0000 3.8391 3.7476
73.0000 3.8404 3.7495
74.0000 3.8416 3.7515
75.0000 3.8428 3.7533
76.0000 3.8441 3.7553
77.0000 3.8452 3.7570
78.0000 3.8464 3.7589
79.0000 3.8475 3.7607
80.0000 3.8487 3.7625
