5.0000 3.0263 2.7841
6.0000 3.0720 2.8494
7.0000 3.1080 2.8950
8.0000 3.1385 2.9243
9.0000 3.1662 2.9402
10.0000 3.1930 2.9460
11.0000 3.2201 2.9444
12.0000 3.2480 2.9387
13.0000 3.2771 2.9316
14.0000 3.3073 2.9260
15.0000 3.3386 2.9241
16.0000 3.3703 2.9277
17.0000 3.4021 2.9383
18.0000 3.4333 2.9561
19.0000 3.4636 2.9813
20.0000 3.4922 3.0126
21.0000 3.5191 3.0489
22.0000 3.5439 3.0888
23.0000 3.5666 3.1305
24.0000 3.5872 3.1727
25.0000 3.6057 3.2144
26.0000 3.6223 3.2546
27.0000 3.6372 3.2926
28.0000 3.6506 3.3282
29.0000 3.6626 3.3612
30.0000 3.6733 3.3916
31.0000 3.6829 3.4194
32.0000 3.6916 3.4447
33.0000 3.6995 3.4677
34.0000 3.7066 3.4886
35.0000 3.7132 3.5076
36.0000 3.7191 3.5249
37.0000 3.7245 3.5407
38.0000 3.7296 3.5550
39.0000 3.7342 3.5682
40.0000 3.7385 3.5802
41.0000 3.7425 3.5912
42.0000 3.7462 3.6015
43.0000 3.7496 3.6109
44.0000 3.7529 3.6197
45.0000 3.7559 3.6279
46.0000 3.7588 3.6356
47.0000 3.7615 3.6427
48.0000 3.7640 3.6495
49.0000 3.7664 3.6558
50.0000 3.7686 3.6620
51.0000 3.7708 3.6679
52.0000 3.7728 3.6734
53.0000 3.7747 3.6787
54.0000 3.7765 3.6838
55.0000 3.7782 3.6887
56.0000 3.7799 3.6934
57.0000 3.7814 3.6979
58.0000 3.7829 3.7023
59.0000 3.7842 3.7066
60.0000 3.7855 3.7107
61.0000 3.7868 3.7146
62.0000 3.7880 3.7185
63.0000 3.7891 3.7222
64.0000 3.7901 3.7259
65.0000 3.7911 3.7293
66.0000 3.7920 3.7327
67.0000 3.7929 3.7360
68.0000 3.7938 3.7391
69.0000 3.7946 3.7422
70.0000 3.7953 3.7452
71.0000 3.7960 3.7481
72.0000 3.7967 3.7509
73.0000 3.7973 3.7535
74.0000 3.7979 3.7562
75.0000 3.7984 3.7588
76.0000 3.7990 3.7611
77.0000 3.7995 3.7634
78.0000 3.7999 3.7658
79.0000 3.8003 3.7680
80.0000 3.8007 3.7701
