5.0000 2.9749 2.7759
6.0000 3.0113 2.8361
7.0000 3.0382 2.8844
8.0000 3.0584 2.9228
9.0000 3.0742 2.9529
10.0000 3.0869 2.9755
11.0000 3.0976 2.9918
12.0000 3.1070 3.0027
13.0000 3.1157 3.0087
14.0000 3.1242 3.0107
15.0000 3.1326 3.0093
16.0000 3.1413 3.0050
17.0000 3.1505 2.9983
18.0000 3.1602 2.9895
19.0000 3.1705 2.9794
20.0000 3.1816 2.9681
21.0000 3.1934 2.9561
22.0000 3.2060 2.9438
23.0000 3.2194 2.9315
24.0000 3.2335 2.9196
25.0000 3.2483 2.9085
26.0000 3.2638 2.8984
27.0000 3.2800 2.8897
28.0000 3.2966 2.8826
29.0000 3.3138 2.8773
30.0000 3.3313 2.8741
31.0000 3.3491 2.8730
32.0000 3.3671 2.8741
33.0000 3.3852 2.8776
34.0000 3.4033 2.8833
35.0000 3.4213 2.8914
36.0000 3.4391 2.9016
37.0000 3.4566 2.9139
38.0000 3.4739 2.9280
39.0000 3.4907 2.9439
40.0000 3.5071 2.9616
41.0000 3.5231 2.9804
42.0000 3.5384 3.0005
43.0000 3.5533 3.0216
44.0000 3.5675 3.0433
45.0000 3.5812 3.0658
46.0000 3.5943 3.0886
47.0000 3.6068 3.1116
48.0000 3.6188 3.1348
49.0000 3.6301 3.1580
50.0000 3.6409 3.1809
51.0000 3.6512 3.2037
52.0000 3.6609 3.2262
53.0000 3.6702 3.2481
54.0000 3.6789 3.2697
55.0000 3.6872 3.2907
56.0000 3.6951 3.3112
57.0000 3.7025 3.3311
58.0000 3.7096 3.3504
59.0000 3.7163 3.3691
60.0000 3.7226 3.3871
61.0000 3.7285 3.4045
62.0000 3.7342 3.4213
63.0000 3.7396 3.4374
64.0000 3.7446 3.4531
65.0000 3.7494 3.4680
66.0000 3.7540 3.4823
67.0000 3.7583 3.4961
68.0000 3.7624 3.5094
69.0000 3.7663 3.5220
70.0000 3.7700 3.5342
71.0000 3.7735 3.5458
72.0000 3.7768 3.5570
73.0000 3.7800 3.5677
74.0000 3.7830 3.5779
75.0000 3.7858 3.5878
76.0000 3.7885 3.5971
77.0000 3.7911 3.6061
78.0000 3.7936 3.6146
79.0000 3.7960 3.6229
80.0000 3.7982 3.6307
