5.0000 2.9401 2.7787
6.0000 2.9693 2.8267
7.0000 2.9912 2.8619
8.0000 3.0086 2.8881
9.0000 3.0231 2.9069
10.0000 3.0357 2.9197
11.0000 3.0474 2.9270
12.0000 3.0587 2.9298
13.0000 3.0700 2.9284
14.0000 3.0816 2.9230
15.0000 3.0939 2.9144
16.0000 3.1071 2.9029
17.0000 3.1213 2.8890
18.0000 3.1366 2.8731
19.0000 3.1532 2.8558
20.0000 3.1712 2.8377
21.0000 3.1905 2.8193
22.0000 3.2112 2.8012
23.0000 3.2332 2.7843
24.0000 3.2565 2.7690
25.0000 3.2809 2.7561
26.0000 3.3064 2.7463
27.0000 3.3328 2.7400
28.0000 3.3598 2.7380
29.0000 3.3872 2.7404
30.0000 3.4149 2.7476
31.0000 3.4425 2.7596
32.0000 3.4698 2.7763
33.0000 3.4966 2.7975
34.0000 3.5228 2.8227
35.0000 3.5480 2.8514
36.0000 3.5723 2.8831
37.0000 3.5955 2.9170
38.0000 3.6175 2.9526
39.0000 3.6384 2.9891
40.0000 3.6581 3.0262
41.0000 3.6766 3.0633
42.0000 3.6940 3.1001
43.0000 3.7103 3.1363
44.0000 3.7256 3.1716
45.0000 3.7399 3.2057
46.0000 3.7533 3.2387
47.0000 3.7659 3.2704
48.0000 3.7776 3.3007
49.0000 3.7886 3.3297
50.0000 3.7989 3.3573
51.0000 3.8086 3.3837
52.0000 3.8177 3.4088
53.0000 3.8262 3.4326
54.0000 3.8343 3.4553
55.0000 3.8418 3.4768
56.0000 3.8489 3.4972
57.0000 3.8556 3.5165
58.0000 3.8620 3.5350
59.0000 3.8680 3.5525
60.0000 3.8736 3.5691
61.0000 3.8790 3.5850
62.0000 3.8840 3.6000
63.0000 3.8889 3.6143
64.0000 3.8934 3.6279
65.0000 3.8978 3.6409
66.0000 3.9019 3.6532
67.0000 3.9058 3.6650
68.0000 3.9095 3.6763
69.0000 3.9131 3.6869
70.0000 3.9165 3.6971
71.0000 3.9197 3.7069
72.0000 3.9228 3.7162
73.0000 3.9258 3.7251
74.0000 3.9286 3.7336
75.0000 3.9313 3.7417
76.0000 3.9339 3.7495
77.0000 3.9364 3.7569
78.0000 3.9388 3.7641
79.0000 3.9411 3.7709
80.0000 3.9433 3.7774
