5.0000 2.6227 2.2192
6.0000 2.7095 2.3058
7.0000 2.7820 2.3842
8.0000 2.8431 2.4552
9.0000 2.8950 2.5181
10.0000 2.9400 2.5724
11.0000 2.9796 2.6179
12.0000 3.0152 2.6547
13.0000 3.0482 2.6834
14.0000 3.0792 2.7050
15.0000 3.1092 2.7206
16.0000 3.1386 2.7315
17.0000 3.1678 2.7390
18.0000 3.1970 2.7442
19.0000 3.2264 2.7485
20.0000 3.2561 2.7528
21.0000 3.2859 2.7579
22.0000 3.3160 2.7649
23.0000 3.3460 2.7742
24.0000 3.3759 2.7862
25.0000 3.4055 2.8012
26.0000 3.4347 2.8191
27.0000 3.4632 2.8399
28.0000 3.4910 2.8634
29.0000 3.5178 2.8891
30.0000 3.5437 2.9168
31.0000 3.5686 2.9459
32.0000 3.5924 2.9762
33.0000 3.6151 3.0072
34.0000 3.6367 3.0388
35.0000 3.6573 3.0705
36.0000 3.6767 3.1022
37.0000 3.6951 3.1337
38.0000 3.7125 3.1650
39.0000 3.7289 3.1958
40.0000 3.7444 3.2262
41.0000 3.7590 3.2560
42.0000 3.7728 3.2853
43.0000 3.7857 3.3140
44.0000 3.7978 3.3421
45.0000 3.8092 3.3695
46.0000 3.8199 3.3964
47.0000 3.8300 3.4226
48.0000 3.8394 3.4481
49.0000 3.8481 3.4728
50.0000 3.8563 3.4969
51.0000 3.8640 3.5203
52.0000 3.8711 3.5430
53.0000 3.8778 3.5649
54.0000 3.8840 3.5861
55.0000 3.8898 3.6066
56.0000 3.8951 3.6263
57.0000 3.9001 3.6452
58.0000 3.9047 3.6634
59.0000 3.9089 3.6809
60.0000 3.9129 3.6977
61.0000 3.9165 3.7137
62.0000 3.9199 3.7291
63.0000 3.9230 3.7438
64.0000 3.9259 3.7578
65.0000 3.9285 3.7711
66.0000 3.9309 3.7839
67.0000 3.9331 3.7960
68.0000 3.9351 3.8075
69.0000 3.9370 3.8184
70.0000 3.9387 3.8290
71.0000 3.9402 3.8388
72.0000 3.9416 3.8481
73.0000 3.9429 3.8570
74.0000 3.9440 3.8654
75.0000 3.9451 3.8735
76.0000 3.9460 3.8809
77.0000 3.9468 3.8881
78.0000 3.9475 3.8949
79.0000 3.9482 3.9011
80.0000 3.9487 3.9071
