5.0000 2.9106 2.6197
6.0000 2.9677 2.6926
7.0000 3.0132 2.7498
8.0000 3.0513 2.7917
9.0000 3.0850 2.8196
10.0000 3.1165 2.8349
11.0000 3.1473 2.8395
12.0000 3.1788 2.8357
13.0000 3.2116 2.8263
14.0000 3.2463 2.8141
15.0000 3.2828 2.8020
16.0000 3.3213 2.7931
17.0000 3.3612 2.7903
18.0000 3.4020 2.7958
19.0000 3.4430 2.8116
20.0000 3.4832 2.8384
21.0000 3.5219 2.8759
22.0000 3.5584 2.9226
23.0000 3.5922 2.9764
24.0000 3.6230 3.0347
25.0000 3.6508 3.0949
26.0000 3.6756 3.1550
27.0000 3.6975 3.2130
28.0000 3.7169 3.2679
29.0000 3.7341 3.3188
30.0000 3.7492 3.3655
31.0000 3.7627 3.4079
32.0000 3.7746 3.4461
33.0000 3.7852 3.4803
34.0000 3.7947 3.5109
35.0000 3.8033 3.5381
36.0000 3.8110 3.5624
37.0000 3.8181 3.5840
38.0000 3.8245 3.6031
39.0000 3.8304 3.6202
40.0000 3.8359 3.6354
41.0000 3.8410 3.6489
42.0000 3.8458 3.6610
43.0000 3.8503 3.6717
44.0000 3.8545 3.6815
45.0000 3.8585 3.6902
46.0000 3.8623 3.6980
47.0000 3.8660 3.7052
48.0000 3.8695 3.7116
49.0000 3.8728 3.7175
50.0000 3.8761 3.7229
51.0000 3.8792 3.7280
52.0000 3.8823 3.7326
53.0000 3.8852 3.7369
54.0000 3.8881 3.7410
55.0000 3.8909 3.7448
56.0000 3.8936 3.7484
57.0000 3.8963 3.7518
58.0000 3.8989 3.7551
59.0000 3.9014 3.7583
60.0000 3.9039 3.7613
61.0000 3.9064 3.7643
62.0000 3.9087 3.7671
63.0000 3.9111 3.7699
64.0000 3.9134 3.7728
65.0000 3.9157 3.7755
66.0000 3.9179 3.7781
67.0000 3.9200 3.7809
68.0000 3.9222 3.7834
69.0000 3.9243 3.7861
70.0000 3.9263 3.7886
71.0000 3.9284 3.7912
72.0000 3.9303 3.7938
73.0000 3.9323 3.7964
74.0000 3.9342 3.7989
75.0000 3.9361 3.8014
76.0000 3.9379 3.8039
77.0000 3.9397 3.8065
78.0000 3.9415 3.8090
79.0000 3.9432 3.8114
80.0000 3.9449 3.8139
