5.0000 3.0148 2.7923
6.0000 3.0564 2.8535
7.0000 3.0887 2.8986
8.0000 3.1152 2.9313
9.0000 3.1382 2.9539
10.0000 3.1592 2.9680
11.0000 3.1792 2.9746
12.0000 3.1991 2.9750
13.0000 3.2195 2.9700
14.0000 3.2408 2.9609
15.0000 3.2634 2.9486
16.0000 3.2873 2.9342
17.0000 3.3128 2.9188
18.0000 3.3399 2.9038
19.0000 3.3685 2.8901
20.0000 3.3986 2.8788
21.0000 3.4298 2.8710
22.0000 3.4621 2.8674
23.0000 3.4950 2.8690
24.0000 3.5283 2.8761
25.0000 3.5616 2.8891
26.0000 3.5946 2.9080
27.0000 3.6269 2.9325
28.0000 3.6582 2.9620
29.0000 3.6883 2.9961
30.0000 3.7169 3.0338
31.0000 3.7441 3.0745
32.0000 3.7696 3.1170
33.0000 3.7934 3.1609
34.0000 3.8156 3.2052
35.0000 3.8362 3.2494
36.0000 3.8552 3.2929
37.0000 3.8728 3.3354
38.0000 3.8890 3.3764
39.0000 3.9039 3.4159
40.0000 3.9176 3.4534
41.0000 3.9302 3.4891
42.0000 3.9419 3.5229
43.0000 3.9526 3.5548
44.0000 3.9625 3.5847
45.0000 3.9716 3.6128
46.0000 3.9800 3.6390
47.0000 3.9878 3.6635
48.0000 3.9950 3.6865
49.0000 4.0017 3.7079
50.0000 4.0080 3.7279
51.0000 4.0138 3.7464
52.0000 4.0192 3.7637
53.0000 4.0243 3.7798
54.0000 4.0290 3.7949
55.0000 4.0335 3.8089
56.0000 4.0377 3.8219
57.0000 4.0416 3.8341
58.0000 4.0454 3.8455
59.0000 4.0489 3.8561
60.0000 4.0522 3.8659
61.0000 4.0554 3.8752
62.0000 4.0584 3.8839
63.0000 4.0613 3.8920
64.0000 4.0640 3.8995
65.0000 4.0666 3.9066
66.0000 4.0691 3.9132
67.0000 4.0715 3.9194
68.0000 4.0738 3.9253
69.0000 4.0761 3.9308
70.0000 4.0782 3.9360
71.0000 4.0803 3.9409
72.0000 4.0823 3.9455
73.0000 4.0842 3.9498
74.0000 4.0861 3.9539
75.0000 4.0879 3.9578
76.0000 4.0897 3.9615
77.0000 4.0914 3.9649
78.0000 4.0931 3.9683
79.0000 4.0947 3.9715
80.0000 4.0963 3.9744
