5.0000 2.9242 2.6282
6.0000 2.9823 2.7030
7.0000 3.0286 2.7606
8.0000 3.0674 2.8028
9.0000 3.1018 2.8310
10.0000 3.1340 2.8473
11.0000 3.1654 2.8536
12.0000 3.1971 2.8522
13.0000 3.2299 2.8460
14.0000 3.2642 2.8375
15.0000 3.3001 2.8293
16.0000 3.3374 2.8244
17.0000 3.3757 2.8252
18.0000 3.4146 2.8336
19.0000 3.4533 2.8510
20.0000 3.4912 2.8779
21.0000 3.5276 2.9135
22.0000 3.5619 2.9567
23.0000 3.5938 3.0054
24.0000 3.6231 3.0577
25.0000 3.6497 3.1115
26.0000 3.6737 3.1648
27.0000 3.6952 3.2167
28.0000 3.7145 3.2659
29.0000 3.7317 3.3120
30.0000 3.7471 3.3547
31.0000 3.7610 3.3939
32.0000 3.7734 3.4298
33.0000 3.7846 3.4625
34.0000 3.7948 3.4921
35.0000 3.8040 3.5192
36.0000 3.8124 3.5437
37.0000 3.8201 3.5660
38.0000 3.8271 3.5864
39.0000 3.8336 3.6049
40.0000 3.8396 3.6219
41.0000 3.8452 3.6375
42.0000 3.8503 3.6518
43.0000 3.8551 3.6650
44.0000 3.8596 3.6774
45.0000 3.8639 3.6888
46.0000 3.8678 3.6994
47.0000 3.8715 3.7094
48.0000 3.8750 3.7187
49.0000 3.8783 3.7274
50.0000 3.8814 3.7358
51.0000 3.8844 3.7436
52.0000 3.8871 3.7510
53.0000 3.8898 3.7580
54.0000 3.8923 3.7647
55.0000 3.8947 3.7711
56.0000 3.8969 3.7772
57.0000 3.8991 3.7829
58.0000 3.9011 3.7885
59.0000 3.9031 3.7938
60.0000 3.9050 3.7990
61.0000 3.9067 3.8039
62.0000 3.9084 3.8086
63.0000 3.9100 3.8131
64.0000 3.9116 3.8175
65.0000 3.9130 3.8216
66.0000 3.9144 3.8257
67.0000 3.9158 3.8296
68.0000 3.9171 3.8333
69.0000 3.9183 3.8368
70.0000 3.9195 3.8403
71.0000 3.9206 3.8436
72.0000 3.9217 3.8470
73.0000 3.9227 3.8501
74.0000 3.9237 3.8529
75.0000 3.9247 3.8558
76.0000 3.9256 3.8586
77.0000 3.9265 3.8613
78.0000 3.9273 3.8639
79.0000 3.9281 3.8663
80.0000 3.9289 3.8687
