5.0000 2.9900 2.7436
6.0000 3.0358 2.8197
7.0000 3.0689 2.8847
8.0000 3.0928 2.9394
9.0000 3.1100 2.9840
10.0000 3.1226 3.0186
11.0000 3.1320 3.0440
12.0000 3.1393 3.0611
13.0000 3.1456 3.0709
14.0000 3.1513 3.0744
15.0000 3.1569 3.0725
16.0000 3.1629 3.0661
17.0000 3.1695 3.0558
18.0000 3.1768 3.0424
19.0000 3.1851 3.0264
20.0000 3.1944 3.0082
21.0000 3.2049 2.9885
22.0000 3.2165 2.9678
23.0000 3.2294 2.9465
24.0000 3.2435 2.9252
25.0000 3.2588 2.9043
26.0000 3.2753 2.8843
27.0000 3.2929 2.8656
28.0000 3.3116 2.8488
29.0000 3.3313 2.8342
30.0000 3.3519 2.8223
31.0000 3.3732 2.8134
32.0000 3.3952 2.8080
33.0000 3.4176 2.8062
34.0000 3.4403 2.8082
35.0000 3.4631 2.8141
36.0000 3.4859 2.8240
37.0000 3.5085 2.8378
38.0000 3.5307 2.8553
39.0000 3.5525 2.8763
40.0000 3.5736 2.9005
41.0000 3.5940 2.9274
42.0000 3.6135 2.9566
43.0000 3.6322 2.9879
44.0000 3.6500 3.0207
45.0000 3.6668 3.0545
46.0000 3.6827 3.0891
47.0000 3.6976 3.1240
48.0000 3.7116 3.1589
49.0000 3.7246 3.1936
50.0000 3.7368 3.2276
51.0000 3.7482 3.2609
52.0000 3.7588 3.2935
53.0000 3.7687 3.3248
54.0000 3.7778 3.3551
55.0000 3.7863 3.3843
56.0000 3.7942 3.4122
57.0000 3.8015 3.4389
58.0000 3.8082 3.4644
59.0000 3.8145 3.4886
60.0000 3.8203 3.5115
61.0000 3.8257 3.5334
62.0000 3.8307 3.5540
63.0000 3.8353 3.5735
64.0000 3.8396 3.5920
65.0000 3.8436 3.6094
66.0000 3.8473 3.6258
67.0000 3.8507 3.6414
68.0000 3.8539 3.6562
69.0000 3.8568 3.6700
70.0000 3.8596 3.6829
71.0000 3.8621 3.6953
72.0000 3.8645 3.7069
73.0000 3.8667 3.7178
74.0000 3.8687 3.7281
75.0000 3.8706 3.7376
76.0000 3.8724 3.7469
77.0000 3.8741 3.7554
78.0000 3.8756 3.7635
79.0000 3.8770 3.7711
80.0000 3.8783 3.7782
