5.0000 3.0014 2.7781
6.0000 3.0439 2.8342
7.0000 3.0780 2.8737
8.0000 3.1074 2.8991
9.0000 3.1344 2.9124
10.0000 3.1609 2.9152
11.0000 3.1880 2.9098
12.0000 3.2165 2.8983
13.0000 3.2470 2.8832
14.0000 3.2796 2.8668
15.0000 3.3144 2.8517
16.0000 3.3512 2.8404
17.0000 3.3896 2.8351
18.0000 3.4290 2.8380
19.0000 3.4688 2.8499
20.0000 3.5081 2.8718
21.0000 3.5464 2.9029
22.0000 3.5829 2.9422
23.0000 3.6172 2.9879
24.0000 3.6491 3.0379
25.0000 3.6784 3.0904
26.0000 3.7052 3.1435
27.0000 3.7294 3.1958
28.0000 3.7514 3.2464
29.0000 3.7712 3.2943
30.0000 3.7891 3.3394
31.0000 3.8052 3.3814
32.0000 3.8199 3.4204
33.0000 3.8332 3.4563
34.0000 3.8453 3.4895
35.0000 3.8563 3.5199
36.0000 3.8663 3.5481
37.0000 3.8756 3.5738
38.0000 3.8841 3.5977
39.0000 3.8919 3.6197
40.0000 3.8991 3.6401
41.0000 3.9057 3.6591
42.0000 3.9119 3.6767
43.0000 3.9177 3.6931
44.0000 3.9230 3.7084
45.0000 3.9280 3.7227
46.0000 3.9326 3.7362
47.0000 3.9370 3.7488
48.0000 3.9411 3.7606
49.0000 3.9449 3.7719
50.0000 3.9485 3.7824
51.0000 3.9518 3.7924
52.0000 3.9550 3.8019
53.0000 3.9579 3.8108
54.0000 3.9607 3.8193
55.0000 3.9634 3.8274
56.0000 3.9659 3.8350
57.0000 3.9682 3.8424
58.0000 3.9704 3.8493
59.0000 3.9725 3.8559
60.0000 3.9745 3.8622
61.0000 3.9764 3.8682
62.0000 3.9781 3.8739
63.0000 3.9798 3.8794
64.0000 3.9814 3.8845
65.0000 3.9829 3.8895
66.0000 3.9844 3.8942
67.0000 3.9857 3.8988
68.0000 3.9870 3.9030
69.0000 3.9882 3.9072
70.0000 3.9894 3.9112
71.0000 3.9905 3.9148
72.0000 3.9916 3.9185
73.0000 3.9926 3.9219
74.0000 3.9936 3.9252
75.0000 3.9945 3.9283
76.0000 3.9954 3.9313
77.0000 3.9962 3.9342
78.0000 3.9970 3.9368
79.0000 3.9978 3.9394
80.0000 3.9985 3.9419
