5.0000 3.0273 2.7832
6.0000 3.0735 2.8498
7.0000 3.1093 2.8991
8.0000 3.1390 2.9332
9.0000 3.1651 2.9542
10.0000 3.1897 2.9641
11.0000 3.2140 2.9649
12.0000 3.2390 2.9586
13.0000 3.2653 2.9475
14.0000 3.2933 2.9337
15.0000 3.3230 2.9192
16.0000 3.3545 2.9066
17.0000 3.3875 2.8978
18.0000 3.4217 2.8949
19.0000 3.4565 2.8994
20.0000 3.4914 2.9126
21.0000 3.5258 2.9348
22.0000 3.5589 2.9658
23.0000 3.5904 3.0046
24.0000 3.6198 3.0494
25.0000 3.6468 3.0987
26.0000 3.6714 3.1504
27.0000 3.6936 3.2028
28.0000 3.7134 3.2542
29.0000 3.7311 3.3038
30.0000 3.7467 3.3508
31.0000 3.7606 3.3946
32.0000 3.7729 3.4350
33.0000 3.7839 3.4721
34.0000 3.7936 3.5058
35.0000 3.8022 3.5364
36.0000 3.8099 3.5640
37.0000 3.8168 3.5890
38.0000 3.8230 3.6115
39.0000 3.8286 3.6317
40.0000 3.8337 3.6499
41.0000 3.8383 3.6663
42.0000 3.8425 3.6810
43.0000 3.8463 3.6943
44.0000 3.8499 3.7063
45.0000 3.8531 3.7172
46.0000 3.8561 3.7270
47.0000 3.8589 3.7359
48.0000 3.8615 3.7441
49.0000 3.8640 3.7514
50.0000 3.8663 3.7582
51.0000 3.8684 3.7643
52.0000 3.8705 3.7700
53.0000 3.8724 3.7752
54.0000 3.8742 3.7801
55.0000 3.8760 3.7844
56.0000 3.8776 3.7886
57.0000 3.8792 3.7924
58.0000 3.8808 3.7961
59.0000 3.8822 3.7994
60.0000 3.8836 3.8026
61.0000 3.8850 3.8056
62.0000 3.8863 3.8084
63.0000 3.8875 3.8110
64.0000 3.8888 3.8136
65.0000 3.8899 3.8159
66.0000 3.8911 3.8183
67.0000 3.8922 3.8204
68.0000 3.8933 3.8225
69.0000 3.8943 3.8245
70.0000 3.8953 3.8265
71.0000 3.8963 3.8283
72.0000 3.8973 3.8302
73.0000 3.8982 3.8320
74.0000 3.8991 3.8335
75.0000 3.9000 3.8353
76.0000 3.9009 3.8368
77.0000 3.9017 3.8383
78.0000 3.9026 3.8399
79.0000 3.9034 3.8414
80.0000 3.9041 3.8428
