5.0000 2.1997 1.5514
6.0000 2.3659 1.7316
7.0000 2.4886 1.9287
8.0000 2.5773 2.0822
9.0000 2.6453 2.1911
10.0000 2.7012 2.2679
11.0000 2.7497 2.3224
12.0000 2.7939 2.3605
13.0000 2.8357 2.3859
14.0000 2.8766 2.4012
15.0000 2.9174 2.4086
16.0000 2.9589 2.4102
17.0000 3.0017 2.4080
18.0000 3.0460 2.4041
19.0000 3.0921 2.4007
20.0000 3.1397 2.3998
21.0000 3.1888 2.4035
22.0000 3.2389 2.4139
23.0000 3.2893 2.4320
24.0000 3.3395 2.4591
25.0000 3.3888 2.4952
26.0000 3.4365 2.5401
27.0000 3.4821 2.5925
28.0000 3.5250 2.6511
29.0000 3.5650 2.7140
30.0000 3.6021 2.7794
31.0000 3.6362 2.8458
32.0000 3.6673 2.9116
33.0000 3.6957 2.9759
34.0000 3.7215 3.0377
35.0000 3.7450 3.0967
36.0000 3.7664 3.1525
37.0000 3.7858 3.2049
38.0000 3.8035 3.2541
39.0000 3.8197 3.3000
40.0000 3.8344 3.3427
41.0000 3.8479 3.3827
42.0000 3.8602 3.4199
43.0000 3.8716 3.4547
44.0000 3.8820 3.4870
45.0000 3.8916 3.5172
46.0000 3.9004 3.5454
47.0000 3.9086 3.5719
48.0000 3.9161 3.5967
49.0000 3.9231 3.6198
50.0000 3.9295 3.6416
51.0000 3.9355 3.6620
52.0000 3.9410 3.6812
53.0000 3.9462 3.6994
54.0000 3.9510 3.7164
55.0000 3.9554 3.7325
56.0000 3.9596 3.7476
57.0000 3.9634 3.7619
58.0000 3.9670 3.7753
59.0000 3.9704 3.7881
60.0000 3.9735 3.8001
61.0000 3.9764 3.8115
62.0000 3.9791 3.8223
63.0000 3.9817 3.8325
64.0000 3.9841 3.8421
65.0000 3.9863 3.8512
66.0000 3.9884 3.8598
67.0000 3.9903 3.8680
68.0000 3.9921 3.8757
69.0000 3.9938 3.8830
70.0000 3.9954 3.8900
71.0000 3.9969 3.8965
72.0000 3.9983 3.9027
73.0000 3.9997 3.9085
74.0000 4.0009 3.9142
75.0000 4.0021 3.9194
76.0000 4.0031 3.9244
77.0000 4.0042 3.9291
78.0000 4.0051 3.9335
79.0000 4.0060 3.9377
80.0000 4.0069 3.9417
