5.0000 3.0665 2.8938
6.0000 3.0981 2.9424
7.0000 3.1223 2.9786
8.0000 3.1419 3.0045
9.0000 3.1587 3.0219
10.0000 3.1740 3.0316
11.0000 3.1888 3.0343
12.0000 3.2037 3.0312
13.0000 3.2193 3.0232
14.0000 3.2359 3.0116
15.0000 3.2538 2.9974
16.0000 3.2730 2.9820
17.0000 3.2937 2.9666
18.0000 3.3157 2.9524
19.0000 3.3390 2.9407
20.0000 3.3633 2.9326
21.0000 3.3883 2.9290
22.0000 3.4138 2.9305
23.0000 3.4394 2.9377
24.0000 3.4648 2.9503
25.0000 3.4897 2.9682
26.0000 3.5138 2.9910
27.0000 3.5369 3.0177
28.0000 3.5589 3.0477
29.0000 3.5796 3.0799
30.0000 3.5989 3.1136
31.0000 3.6170 3.1479
32.0000 3.6337 3.1823
33.0000 3.6492 3.2162
34.0000 3.6635 3.2492
35.0000 3.6767 3.2810
36.0000 3.6889 3.3116
37.0000 3.7001 3.3407
38.0000 3.7105 3.3684
39.0000 3.7200 3.3945
40.0000 3.7288 3.4192
41.0000 3.7369 3.4425
42.0000 3.7444 3.4645
43.0000 3.7513 3.4850
44.0000 3.7577 3.5045
45.0000 3.7636 3.5229
46.0000 3.7691 3.5402
47.0000 3.7742 3.5566
48.0000 3.7790 3.5719
49.0000 3.7834 3.5864
50.0000 3.7875 3.6001
51.0000 3.7913 3.6131
52.0000 3.7948 3.6254
53.0000 3.7981 3.6369
54.0000 3.8011 3.6480
55.0000 3.8040 3.6583
56.0000 3.8067 3.6682
57.0000 3.8091 3.6775
58.0000 3.8114 3.6864
59.0000 3.8136 3.6948
60.0000 3.8156 3.7027
61.0000 3.8175 3.7103
62.0000 3.8192 3.7175
63.0000 3.8208 3.7243
64.0000 3.8224 3.7308
65.0000 3.8238 3.7369
66.0000 3.8251 3.7428
67.0000 3.8263 3.7484
68.0000 3.8275 3.7536
69.0000 3.8285 3.7586
70.0000 3.8295 3.7634
71.0000 3.8305 3.7679
72.0000 3.8313 3.7721
73.0000 3.8321 3.7762
74.0000 3.8329 3.7800
75.0000 3.8336 3.7837
76.0000 3.8342 3.7872
77.0000 3.8348 3.7906
78.0000 3.8354 3.7937
79.0000 3.8359 3.7966
80.0000 3.8364 3.7994
