5.0000 2.9935 2.7130
6.0000 3.0469 2.7927
7.0000 3.0882 2.8476
8.0000 3.1228 2.8817
9.0000 3.1544 2.8994
10.0000 3.1850 2.9049
11.0000 3.2161 2.9022
12.0000 3.2484 2.8952
13.0000 3.2822 2.8877
14.0000 3.3173 2.8828
15.0000 3.3535 2.8831
16.0000 3.3901 2.8907
17.0000 3.4265 2.9066
18.0000 3.4620 2.9307
19.0000 3.4961 2.9623
20.0000 3.5283 2.9999
21.0000 3.5583 3.0415
22.0000 3.5859 3.0855
23.0000 3.6112 3.1300
24.0000 3.6342 3.1739
25.0000 3.6551 3.2160
26.0000 3.6742 3.2558
27.0000 3.6915 3.2927
28.0000 3.7074 3.3268
29.0000 3.7219 3.3581
30.0000 3.7352 3.3864
31.0000 3.7475 3.4121
32.0000 3.7590 3.4354
33.0000 3.7697 3.4565
34.0000 3.7797 3.4755
35.0000 3.7892 3.4927
36.0000 3.7981 3.5082
37.0000 3.8066 3.5225
38.0000 3.8148 3.5353
39.0000 3.8225 3.5471
40.0000 3.8300 3.5578
41.0000 3.8372 3.5677
42.0000 3.8441 3.5769
43.0000 3.8509 3.5855
44.0000 3.8574 3.5934
45.0000 3.8637 3.6009
46.0000 3.8699 3.6080
47.0000 3.8760 3.6147
48.0000 3.8818 3.6212
49.0000 3.8876 3.6274
50.0000 3.8932 3.6333
51.0000 3.8987 3.6391
52.0000 3.9041 3.6448
53.0000 3.9094 3.6502
54.0000 3.9146 3.6556
55.0000 3.9197 3.6610
56.0000 3.9247 3.6663
57.0000 3.9296 3.6715
58.0000 3.9344 3.6768
59.0000 3.9391 3.6819
60.0000 3.9437 3.6870
61.0000 3.9482 3.6922
62.0000 3.9527 3.6974
63.0000 3.9571 3.7025
64.0000 3.9613 3.7077
65.0000 3.9655 3.7128
66.0000 3.9696 3.7180
67.0000 3.9737 3.7231
68.0000 3.9776 3.7283
69.0000 3.9815 3.7334
70.0000 3.9853 3.7385
71.0000 3.9890 3.7436
72.0000 3.9927 3.7488
73.0000 3.9962 3.7539
74.0000 3.9997 3.7590
75.0000 4.0032 3.7641
76.0000 4.0065 3.7691
77.0000 4.0098 3.7742
78.0000 4.0130 3.7792
79.0000 4.0162 3.7842
80.0000 4.0193 3.7892
