5.0000 3.1042 2.9772
6.0000 3.1232 3.0483
7.0000 3.1317 3.0973
8.0000 3.1343 3.1283
9.0000 3.1339 3.1457
10.0000 3.1321 3.1528
11.0000 3.1301 3.1522
12.0000 3.1283 3.1457
13.0000 3.1273 3.1348
14.0000 3.1272 3.1202
15.0000 3.1283 3.1029
16.0000 3.1306 3.0833
17.0000 3.1343 3.0617
18.0000 3.1394 3.0387
19.0000 3.1459 3.0146
20.0000 3.1538 2.9897
21.0000 3.1632 2.9643
22.0000 3.1740 2.9388
23.0000 3.1863 2.9134
24.0000 3.1999 2.8887
25.0000 3.2150 2.8648
26.0000 3.2313 2.8423
27.0000 3.2490 2.8215
28.0000 3.2678 2.8027
29.0000 3.2877 2.7865
30.0000 3.3085 2.7731
31.0000 3.3302 2.7629
32.0000 3.3526 2.7563
33.0000 3.3755 2.7534
34.0000 3.3988 2.7544
35.0000 3.4223 2.7595
36.0000 3.4458 2.7685
37.0000 3.4691 2.7816
38.0000 3.4921 2.7982
39.0000 3.5147 2.8185
40.0000 3.5367 2.8419
41.0000 3.5580 2.8680
42.0000 3.5785 2.8964
43.0000 3.5981 2.9268
44.0000 3.6169 2.9585
45.0000 3.6347 2.9913
46.0000 3.6516 3.0247
47.0000 3.6676 3.0584
48.0000 3.6827 3.0921
49.0000 3.6970 3.1255
50.0000 3.7103 3.1584
51.0000 3.7229 3.1906
52.0000 3.7347 3.2219
53.0000 3.7458 3.2522
54.0000 3.7561 3.2815
55.0000 3.7659 3.3098
56.0000 3.7750 3.3369
57.0000 3.7836 3.3628
58.0000 3.7916 3.3877
59.0000 3.7992 3.4114
60.0000 3.8063 3.4339
61.0000 3.8129 3.4556
62.0000 3.8192 3.4760
63.0000 3.8251 3.4955
64.0000 3.8307 3.5140
65.0000 3.8359 3.5315
66.0000 3.8408 3.5482
67.0000 3.8455 3.5641
68.0000 3.8499 3.5792
69.0000 3.8540 3.5935
70.0000 3.8580 3.6071
71.0000 3.8617 3.6200
72.0000 3.8652 3.6323
73.0000 3.8686 3.6438
74.0000 3.8718 3.6549
75.0000 3.8748 3.6654
76.0000 3.8777 3.6755
77.0000 3.8804 3.6850
78.0000 3.8830 3.6940
79.0000 3.8855 3.7026
80.0000 3.8879 3.7108
