5.0000 2.4832 2.0372
6.0000 2.5786 2.1531
7.0000 2.6564 2.2342
8.0000 2.7233 2.3000
9.0000 2.7824 2.3575
10.0000 2.8352 2.4090
11.0000 2.8831 2.4545
12.0000 2.9271 2.4941
13.0000 2.9681 2.5279
14.0000 3.0069 2.5560
15.0000 3.0440 2.5793
16.0000 3.0801 2.5986
17.0000 3.1155 2.6150
18.0000 3.1503 2.6297
19.0000 3.1848 2.6437
20.0000 3.2189 2.6583
21.0000 3.2527 2.6742
22.0000 3.2859 2.6919
23.0000 3.3186 2.7120
24.0000 3.3505 2.7346
25.0000 3.3815 2.7597
26.0000 3.4114 2.7870
27.0000 3.4402 2.8163
28.0000 3.4679 2.8469
29.0000 3.4943 2.8786
30.0000 3.5194 2.9108
31.0000 3.5434 2.9431
32.0000 3.5661 2.9754
33.0000 3.5876 3.0070
34.0000 3.6081 3.0382
35.0000 3.6275 3.0684
36.0000 3.6459 3.0979
37.0000 3.6633 3.1265
38.0000 3.6799 3.1542
39.0000 3.6956 3.1810
40.0000 3.7106 3.2072
41.0000 3.7248 3.2325
42.0000 3.7382 3.2572
43.0000 3.7511 3.2812
44.0000 3.7632 3.3047
45.0000 3.7748 3.3276
46.0000 3.7858 3.3501
47.0000 3.7962 3.3720
48.0000 3.8061 3.3936
49.0000 3.8155 3.4147
50.0000 3.8244 3.4355
51.0000 3.8328 3.4557
52.0000 3.8408 3.4755
53.0000 3.8484 3.4950
54.0000 3.8555 3.5139
55.0000 3.8623 3.5325
56.0000 3.8686 3.5506
57.0000 3.8746 3.5682
58.0000 3.8803 3.5854
59.0000 3.8856 3.6021
60.0000 3.8907 3.6183
61.0000 3.8954 3.6340
62.0000 3.8999 3.6492
63.0000 3.9041 3.6639
64.0000 3.9080 3.6781
65.0000 3.9117 3.6918
66.0000 3.9152 3.7049
67.0000 3.9184 3.7177
68.0000 3.9215 3.7300
69.0000 3.9244 3.7417
70.0000 3.9270 3.7530
71.0000 3.9296 3.7639
72.0000 3.9319 3.7743
73.0000 3.9341 3.7842
74.0000 3.9362 3.7938
75.0000 3.9381 3.8028
76.0000 3.9399 3.8117
77.0000 3.9416 3.8199
78.0000 3.9432 3.8279
79.0000 3.9446 3.8356
80.0000 3.9460 3.8428
