5.0000 2.7794 2.3992
6.0000 2.8594 2.4803
7.0000 2.9265 2.5497
8.0000 2.9840 2.6081
9.0000 3.0348 2.6554
10.0000 3.0810 2.6918
11.0000 3.1244 2.7177
12.0000 3.1664 2.7350
13.0000 3.2079 2.7455
14.0000 3.2496 2.7519
15.0000 3.2919 2.7569
16.0000 3.3348 2.7634
17.0000 3.3780 2.7737
18.0000 3.4213 2.7900
19.0000 3.4639 2.8137
20.0000 3.5054 2.8454
21.0000 3.5451 2.8848
22.0000 3.5826 2.9312
23.0000 3.6174 2.9829
24.0000 3.6495 3.0383
25.0000 3.6786 3.0954
26.0000 3.7050 3.1526
27.0000 3.7286 3.2085
28.0000 3.7498 3.2622
29.0000 3.7688 3.3130
30.0000 3.7857 3.3602
31.0000 3.8008 3.4039
32.0000 3.8143 3.4439
33.0000 3.8265 3.4804
34.0000 3.8374 3.5137
35.0000 3.8473 3.5437
36.0000 3.8563 3.5710
37.0000 3.8644 3.5955
38.0000 3.8719 3.6177
39.0000 3.8788 3.6378
40.0000 3.8851 3.6560
41.0000 3.8909 3.6723
42.0000 3.8964 3.6873
43.0000 3.9015 3.7008
44.0000 3.9062 3.7130
45.0000 3.9107 3.7243
46.0000 3.9149 3.7345
47.0000 3.9189 3.7438
48.0000 3.9227 3.7523
49.0000 3.9264 3.7602
50.0000 3.9298 3.7676
51.0000 3.9331 3.7743
52.0000 3.9363 3.7805
53.0000 3.9394 3.7863
54.0000 3.9423 3.7918
55.0000 3.9452 3.7969
56.0000 3.9479 3.8017
57.0000 3.9506 3.8063
58.0000 3.9532 3.8105
59.0000 3.9557 3.8146
60.0000 3.9582 3.8185
61.0000 3.9605 3.8224
62.0000 3.9628 3.8260
63.0000 3.9651 3.8294
64.0000 3.9673 3.8327
65.0000 3.9695 3.8359
66.0000 3.9716 3.8390
67.0000 3.9736 3.8421
68.0000 3.9756 3.8451
69.0000 3.9776 3.8479
70.0000 3.9795 3.8507
71.0000 3.9814 3.8536
72.0000 3.9832 3.8563
73.0000 3.9850 3.8589
74.0000 3.9868 3.8616
75.0000 3.9885 3.8640
76.0000 3.9902 3.8666
77.0000 3.9919 3.8691
78.0000 3.9935 3.8715
79.0000 3.9951 3.8739
80.0000 3.9967 3.8763
