5.0000 3.0314 2.8021
6.0000 3.0743 2.8661
7.0000 3.1074 2.9132
8.0000 3.1346 2.9457
9.0000 3.1584 2.9651
10.0000 3.1808 2.9734
11.0000 3.2032 2.9723
12.0000 3.2263 2.9638
13.0000 3.2509 2.9497
14.0000 3.2775 2.9321
15.0000 3.3061 2.9131
16.0000 3.3369 2.8948
17.0000 3.3697 2.8794
18.0000 3.4043 2.8691
19.0000 3.4402 2.8657
20.0000 3.4768 2.8709
21.0000 3.5134 2.8856
22.0000 3.5494 2.9101
23.0000 3.5842 2.9441
24.0000 3.6171 2.9861
25.0000 3.6478 3.0349
26.0000 3.6760 3.0883
27.0000 3.7016 3.1446
28.0000 3.7246 3.2019
29.0000 3.7451 3.2587
30.0000 3.7632 3.3140
31.0000 3.7792 3.3669
32.0000 3.7931 3.4169
33.0000 3.8053 3.4636
34.0000 3.8159 3.5070
35.0000 3.8252 3.5471
36.0000 3.8331 3.5838
37.0000 3.8400 3.6174
38.0000 3.8459 3.6482
39.0000 3.8510 3.6763
40.0000 3.8553 3.7017
41.0000 3.8590 3.7248
42.0000 3.8621 3.7459
43.0000 3.8647 3.7649
44.0000 3.8669 3.7822
45.0000 3.8687 3.7978
46.0000 3.8701 3.8119
47.0000 3.8712 3.8247
48.0000 3.8721 3.8362
49.0000 3.8727 3.8466
50.0000 3.8732 3.8561
51.0000 3.8734 3.8645
52.0000 3.8735 3.8721
53.0000 3.8735 3.8790
54.0000 3.8733 3.8851
55.0000 3.8731 3.8906
56.0000 3.8727 3.8955
57.0000 3.8722 3.8998
58.0000 3.8717 3.9036
59.0000 3.8712 3.9071
60.0000 3.8705 3.9100
61.0000 3.8698 3.9126
62.0000 3.8691 3.9148
63.0000 3.8684 3.9167
64.0000 3.8676 3.9183
65.0000 3.8668 3.9196
66.0000 3.8660 3.9207
67.0000 3.8652 3.9215
68.0000 3.8644 3.9222
69.0000 3.8635 3.9226
70.0000 3.8627 3.9228
71.0000 3.8618 3.9229
72.0000 3.8610 3.9229
73.0000 3.8601 3.9226
74.0000 3.8593 3.9224
75.0000 3.8585 3.9219
76.0000 3.8576 3.9213
77.0000 3.8568 3.9206
78.0000 3.8560 3.9199
79.0000 3.8552 3.9191
80.0000 3.8544 3.9181
