5.0000 3.0145 2.7846
6.0000 3.0579 2.8455
7.0000 3.0921 2.8900
8.0000 3.1208 2.9196
9.0000 3.1466 2.9361
10.0000 3.1714 2.9412
11.0000 3.1965 2.9372
12.0000 3.2229 2.9263
13.0000 3.2511 2.9109
14.0000 3.2814 2.8936
15.0000 3.3139 2.8769
16.0000 3.3485 2.8634
17.0000 3.3847 2.8559
18.0000 3.4220 2.8565
19.0000 3.4598 2.8669
20.0000 3.4972 2.8880
21.0000 3.5334 2.9197
22.0000 3.5678 2.9608
23.0000 3.5998 3.0094
24.0000 3.6291 3.0635
25.0000 3.6557 3.1202
26.0000 3.6794 3.1778
27.0000 3.7004 3.2342
28.0000 3.7190 3.2884
29.0000 3.7353 3.3394
30.0000 3.7496 3.3867
31.0000 3.7621 3.4301
32.0000 3.7731 3.4696
33.0000 3.7828 3.5054
34.0000 3.7913 3.5378
35.0000 3.7988 3.5668
36.0000 3.8054 3.5930
37.0000 3.8113 3.6165
38.0000 3.8166 3.6376
39.0000 3.8212 3.6566
40.0000 3.8254 3.6736
41.0000 3.8291 3.6889
42.0000 3.8325 3.7028
43.0000 3.8355 3.7151
44.0000 3.8383 3.7264
45.0000 3.8408 3.7366
46.0000 3.8430 3.7457
47.0000 3.8451 3.7541
48.0000 3.8470 3.7617
49.0000 3.8488 3.7685
50.0000 3.8504 3.7748
51.0000 3.8518 3.7805
52.0000 3.8532 3.7857
53.0000 3.8545 3.7904
54.0000 3.8557 3.7948
55.0000 3.8568 3.7988
56.0000 3.8578 3.8025
57.0000 3.8588 3.8059
58.0000 3.8597 3.8090
59.0000 3.8606 3.8119
60.0000 3.8614 3.8147
61.0000 3.8621 3.8170
62.0000 3.8629 3.8194
63.0000 3.8636 3.8215
64.0000 3.8642 3.8234
65.0000 3.8648 3.8253
66.0000 3.8654 3.8270
67.0000 3.8660 3.8287
68.0000 3.8666 3.8301
69.0000 3.8671 3.8315
70.0000 3.8676 3.8329
71.0000 3.8681 3.8341
72.0000 3.8686 3.8353
73.0000 3.8690 3.8364
74.0000 3.8695 3.8374
75.0000 3.8699 3.8383
76.0000 3.8703 3.8393
77.0000 3.8707 3.8401
78.0000 3.8711 3.8410
79.0000 3.8715 3.8418
80.0000 3.8719 3.8425
