5.0000 2.8334 2.4081
6.0000 2.9226 2.5130
7.0000 2.9937 2.6067
8.0000 3.0509 2.6884
9.0000 3.0977 2.7566
10.0000 3.1370 2.8107
11.0000 3.1712 2.8515
12.0000 3.2022 2.8798
13.0000 3.2313 2.8974
14.0000 3.2597 2.9064
15.0000 3.2881 2.9088
16.0000 3.3170 2.9062
17.0000 3.3468 2.9008
18.0000 3.3776 2.8943
19.0000 3.4094 2.8883
20.0000 3.4423 2.8845
21.0000 3.4759 2.8842
22.0000 3.5101 2.8885
23.0000 3.5445 2.8982
24.0000 3.5788 2.9140
25.0000 3.6125 2.9358
26.0000 3.6453 2.9637
27.0000 3.6769 2.9970
28.0000 3.7071 3.0351
29.0000 3.7355 3.0773
30.0000 3.7622 3.1225
31.0000 3.7870 3.1699
32.0000 3.8098 3.2186
33.0000 3.8307 3.2678
34.0000 3.8498 3.3170
35.0000 3.8671 3.3656
36.0000 3.8828 3.4129
37.0000 3.8969 3.4588
38.0000 3.9095 3.5030
39.0000 3.9208 3.5453
40.0000 3.9308 3.5855
41.0000 3.9397 3.6237
42.0000 3.9476 3.6597
43.0000 3.9545 3.6937
44.0000 3.9606 3.7254
45.0000 3.9659 3.7552
46.0000 3.9705 3.7830
47.0000 3.9745 3.8089
48.0000 3.9779 3.8329
49.0000 3.9808 3.8553
50.0000 3.9832 3.8761
51.0000 3.9852 3.8952
52.0000 3.9868 3.9130
53.0000 3.9881 3.9294
54.0000 3.9890 3.9446
55.0000 3.9897 3.9586
56.0000 3.9902 3.9714
57.0000 3.9904 3.9833
58.0000 3.9904 3.9942
59.0000 3.9903 4.0042
60.0000 3.9899 4.0133
61.0000 3.9895 4.0217
62.0000 3.9889 4.0295
63.0000 3.9882 4.0365
64.0000 3.9874 4.0429
65.0000 3.9865 4.0486
66.0000 3.9855 4.0538
67.0000 3.9844 4.0585
68.0000 3.9833 4.0629
69.0000 3.9821 4.0667
70.0000 3.9809 4.0701
71.0000 3.9796 4.0732
72.0000 3.9783 4.0759
73.0000 3.9770 4.0781
74.0000 3.9756 4.0803
75.0000 3.9742 4.0820
76.0000 3.9728 4.0836
77.0000 3.9714 4.0847
78.0000 3.9700 4.0857
79.0000 3.9685 4.0865
80.0000 3.9671 4.0871
