5.0000 2.8310 2.5448
6.0000 2.8890 2.6027
7.0000 2.9378 2.6541
8.0000 2.9794 2.6991
9.0000 3.0156 2.7379
10.0000 3.0478 2.7709
11.0000 3.0769 2.7980
12.0000 3.1038 2.8200
13.0000 3.1291 2.8369
14.0000 3.1535 2.8495
15.0000 3.1773 2.8583
16.0000 3.2009 2.8638
17.0000 3.2245 2.8668
18.0000 3.2482 2.8681
19.0000 3.2723 2.8683
20.0000 3.2968 2.8683
21.0000 3.3216 2.8688
22.0000 3.3467 2.8705
23.0000 3.3720 2.8739
24.0000 3.3975 2.8796
25.0000 3.4229 2.8880
26.0000 3.4482 2.8995
27.0000 3.4731 2.9140
28.0000 3.4975 2.9317
29.0000 3.5213 2.9525
30.0000 3.5443 2.9760
31.0000 3.5664 3.0021
32.0000 3.5875 3.0304
33.0000 3.6076 3.0605
34.0000 3.6267 3.0920
35.0000 3.6446 3.1245
36.0000 3.6613 3.1576
37.0000 3.6770 3.1908
38.0000 3.6916 3.2242
39.0000 3.7052 3.2571
40.0000 3.7178 3.2895
41.0000 3.7294 3.3212
42.0000 3.7402 3.3520
43.0000 3.7501 3.3818
44.0000 3.7592 3.4106
45.0000 3.7676 3.4381
46.0000 3.7752 3.4645
47.0000 3.7823 3.4897
48.0000 3.7888 3.5137
49.0000 3.7947 3.5365
50.0000 3.8001 3.5581
51.0000 3.8050 3.5786
52.0000 3.8095 3.5979
53.0000 3.8136 3.6163
54.0000 3.8174 3.6336
55.0000 3.8208 3.6498
56.0000 3.8239 3.6651
57.0000 3.8267 3.6796
58.0000 3.8293 3.6931
59.0000 3.8316 3.7059
60.0000 3.8337 3.7179
61.0000 3.8356 3.7291
62.0000 3.8373 3.7396
63.0000 3.8388 3.7496
64.0000 3.8402 3.7588
65.0000 3.8414 3.7675
66.0000 3.8425 3.7757
67.0000 3.8434 3.7833
68.0000 3.8443 3.7904
69.0000 3.8450 3.7971
70.0000 3.8457 3.8032
71.0000 3.8463 3.8091
72.0000 3.8468 3.8146
73.0000 3.8472 3.8196
74.0000 3.8475 3.8242
75.0000 3.8478 3.8287
76.0000 3.8480 3.8328
77.0000 3.8482 3.8365
78.0000 3.8483 3.8401
79.0000 3.8484 3.8434
80.0000 3.8485 3.8463
