5.0000 3.0405 2.7670
6.0000 3.0930 2.8405
7.0000 3.1337 2.8989
8.0000 3.1666 2.9442
9.0000 3.1942 2.9785
10.0000 3.2185 3.0035
11.0000 3.2406 3.0203
12.0000 3.2617 3.0302
13.0000 3.2824 3.0344
14.0000 3.3031 3.0339
15.0000 3.3243 3.0299
16.0000 3.3462 3.0236
17.0000 3.3690 3.0157
18.0000 3.3927 3.0075
19.0000 3.4172 3.0000
20.0000 3.4427 2.9940
21.0000 3.4688 2.9904
22.0000 3.4955 2.9900
23.0000 3.5225 2.9931
24.0000 3.5496 3.0004
25.0000 3.5766 3.0119
26.0000 3.6032 3.0277
27.0000 3.6292 3.0475
28.0000 3.6545 3.0711
29.0000 3.6788 3.0981
30.0000 3.7020 3.1279
31.0000 3.7241 3.1602
32.0000 3.7449 3.1942
33.0000 3.7645 3.2297
34.0000 3.7827 3.2659
35.0000 3.7997 3.3026
36.0000 3.8154 3.3394
37.0000 3.8300 3.3759
38.0000 3.8433 3.4119
39.0000 3.8556 3.4473
40.0000 3.8667 3.4818
41.0000 3.8769 3.5152
42.0000 3.8862 3.5475
43.0000 3.8946 3.5787
44.0000 3.9022 3.6085
45.0000 3.9091 3.6370
46.0000 3.9152 3.6642
47.0000 3.9208 3.6901
48.0000 3.9257 3.7146
49.0000 3.9301 3.7379
50.0000 3.9339 3.7599
51.0000 3.9373 3.7806
52.0000 3.9403 3.8000
53.0000 3.9429 3.8185
54.0000 3.9452 3.8357
55.0000 3.9471 3.8519
56.0000 3.9487 3.8670
57.0000 3.9501 3.8813
58.0000 3.9512 3.8944
59.0000 3.9521 3.9068
60.0000 3.9528 3.9183
61.0000 3.9532 3.9291
62.0000 3.9536 3.9392
63.0000 3.9537 3.9485
64.0000 3.9537 3.9571
65.0000 3.9536 3.9651
66.0000 3.9534 3.9725
67.0000 3.9530 3.9795
68.0000 3.9526 3.9858
69.0000 3.9520 3.9918
70.0000 3.9514 3.9971
71.0000 3.9508 4.0022
72.0000 3.9500 4.0066
73.0000 3.9492 4.0109
74.0000 3.9483 4.0147
75.0000 3.9474 4.0182
76.0000 3.9465 4.0214
77.0000 3.9455 4.0242
78.0000 3.9445 4.0268
79.0000 3.9434 4.0291
80.0000 3.9423 4.0311
