5.0000 3.0148 2.7429
6.0000 3.0667 2.8169
7.0000 3.1075 2.8668
8.0000 3.1425 2.8974
9.0000 3.1749 2.9124
10.0000 3.2067 2.9155
11.0000 3.2392 2.9102
12.0000 3.2734 2.9001
13.0000 3.3095 2.8892
14.0000 3.3474 2.8808
15.0000 3.3868 2.8781
16.0000 3.4270 2.8840
17.0000 3.4673 2.8998
18.0000 3.5066 2.9263
19.0000 3.5443 2.9629
20.0000 3.5797 3.0075
21.0000 3.6124 3.0582
22.0000 3.6421 3.1124
23.0000 3.6688 3.1677
24.0000 3.6926 3.2222
25.0000 3.7138 3.2746
26.0000 3.7325 3.3240
27.0000 3.7492 3.3699
28.0000 3.7639 3.4120
29.0000 3.7769 3.4504
30.0000 3.7886 3.4851
31.0000 3.7990 3.5166
32.0000 3.8083 3.5448
33.0000 3.8167 3.5702
34.0000 3.8243 3.5930
35.0000 3.8312 3.6135
36.0000 3.8375 3.6318
37.0000 3.8433 3.6483
38.0000 3.8486 3.6630
39.0000 3.8536 3.6762
40.0000 3.8582 3.6880
41.0000 3.8625 3.6987
42.0000 3.8665 3.7082
43.0000 3.8703 3.7168
44.0000 3.8740 3.7245
45.0000 3.8774 3.7315
46.0000 3.8807 3.7376
47.0000 3.8839 3.7433
48.0000 3.8869 3.7483
49.0000 3.8899 3.7529
50.0000 3.8927 3.7570
51.0000 3.8955 3.7607
52.0000 3.8982 3.7640
53.0000 3.9008 3.7672
54.0000 3.9034 3.7699
55.0000 3.9059 3.7724
56.0000 3.9084 3.7747
57.0000 3.9109 3.7768
58.0000 3.9133 3.7788
59.0000 3.9157 3.7806
60.0000 3.9180 3.7823
61.0000 3.9204 3.7839
62.0000 3.9227 3.7854
63.0000 3.9250 3.7868
64.0000 3.9272 3.7882
65.0000 3.9295 3.7895
66.0000 3.9317 3.7907
67.0000 3.9339 3.7919
68.0000 3.9361 3.7932
69.0000 3.9383 3.7944
70.0000 3.9404 3.7955
71.0000 3.9426 3.7968
72.0000 3.9447 3.7979
73.0000 3.9468 3.7992
74.0000 3.9489 3.8004
75.0000 3.9510 3.8016
76.0000 3.9530 3.8029
77.0000 3.9551 3.8042
78.0000 3.9571 3.8054
79.0000 3.9591 3.8068
80.0000 3.9611 3.8081
