5.0000 2.7387 2.3610
6.0000 2.8203 2.4266
7.0000 2.8926 2.4789
8.0000 2.9591 2.5203
9.0000 3.0219 2.5545
10.0000 3.0823 2.5853
11.0000 3.1405 2.6165
12.0000 3.1965 2.6510
13.0000 3.2500 2.6906
14.0000 3.3004 2.7356
15.0000 3.3472 2.7858
16.0000 3.3903 2.8394
17.0000 3.4295 2.8948
18.0000 3.4649 2.9502
19.0000 3.4968 3.0041
20.0000 3.5254 3.0553
21.0000 3.5511 3.1031
22.0000 3.5743 3.1472
23.0000 3.5953 3.1874
24.0000 3.6144 3.2240
25.0000 3.6319 3.2572
26.0000 3.6479 3.2872
27.0000 3.6627 3.3144
28.0000 3.6765 3.3393
29.0000 3.6893 3.3619
30.0000 3.7013 3.3829
31.0000 3.7125 3.4022
32.0000 3.7231 3.4205
33.0000 3.7331 3.4376
34.0000 3.7426 3.4539
35.0000 3.7515 3.4696
36.0000 3.7600 3.4848
37.0000 3.7680 3.4996
38.0000 3.7757 3.5140
39.0000 3.7829 3.5282
40.0000 3.7897 3.5423
41.0000 3.7961 3.5562
42.0000 3.8022 3.5699
43.0000 3.8079 3.5835
44.0000 3.8133 3.5971
45.0000 3.8183 3.6105
46.0000 3.8230 3.6237
47.0000 3.8275 3.6368
48.0000 3.8316 3.6497
49.0000 3.8354 3.6624
50.0000 3.8390 3.6749
51.0000 3.8423 3.6871
52.0000 3.8453 3.6990
53.0000 3.8481 3.7106
54.0000 3.8507 3.7220
55.0000 3.8531 3.7330
56.0000 3.8552 3.7437
57.0000 3.8572 3.7539
58.0000 3.8589 3.7639
59.0000 3.8605 3.7735
60.0000 3.8620 3.7827
61.0000 3.8632 3.7915
62.0000 3.8644 3.8000
63.0000 3.8654 3.8081
64.0000 3.8662 3.8158
65.0000 3.8670 3.8233
66.0000 3.8676 3.8302
67.0000 3.8681 3.8370
68.0000 3.8685 3.8434
69.0000 3.8688 3.8494
70.0000 3.8691 3.8550
71.0000 3.8692 3.8605
72.0000 3.8693 3.8656
73.0000 3.8693 3.8705
74.0000 3.8693 3.8750
75.0000 3.8692 3.8794
76.0000 3.8690 3.8833
77.0000 3.8688 3.8871
78.0000 3.8686 3.8907
79.0000 3.8682 3.8940
80.0000 3.8679 3.8971
