5.0000 2.5644 2.1028
6.0000 2.6623 2.2272
7.0000 2.7416 2.3108
8.0000 2.8097 2.3782
9.0000 2.8698 2.4373
10.0000 2.9234 2.4903
11.0000 2.9718 2.5377
12.0000 3.0161 2.5793
13.0000 3.0572 2.6152
14.0000 3.0959 2.6454
15.0000 3.1327 2.6704
16.0000 3.1683 2.6908
17.0000 3.2031 2.7078
18.0000 3.2373 2.7223
19.0000 3.2712 2.7354
20.0000 3.3048 2.7481
21.0000 3.3382 2.7614
22.0000 3.3712 2.7762
23.0000 3.4038 2.7929
24.0000 3.4359 2.8122
25.0000 3.4673 2.8343
26.0000 3.4979 2.8591
27.0000 3.5274 2.8868
28.0000 3.5559 2.9169
29.0000 3.5831 2.9491
30.0000 3.6090 2.9831
31.0000 3.6336 3.0183
32.0000 3.6568 3.0545
33.0000 3.6787 3.0912
34.0000 3.6992 3.1280
35.0000 3.7184 3.1647
36.0000 3.7364 3.2010
37.0000 3.7532 3.2367
38.0000 3.7688 3.2718
39.0000 3.7833 3.3060
40.0000 3.7968 3.3393
41.0000 3.8094 3.3717
42.0000 3.8210 3.4030
43.0000 3.8317 3.4333
44.0000 3.8417 3.4627
45.0000 3.8509 3.4908
46.0000 3.8593 3.5180
47.0000 3.8671 3.5441
48.0000 3.8743 3.5691
49.0000 3.8810 3.5931
50.0000 3.8870 3.6161
51.0000 3.8926 3.6380
52.0000 3.8977 3.6590
53.0000 3.9024 3.6790
54.0000 3.9067 3.6981
55.0000 3.9106 3.7161
56.0000 3.9141 3.7334
57.0000 3.9173 3.7498
58.0000 3.9203 3.7653
59.0000 3.9229 3.7801
60.0000 3.9253 3.7941
61.0000 3.9274 3.8072
62.0000 3.9294 3.8197
63.0000 3.9311 3.8315
64.0000 3.9326 3.8427
65.0000 3.9339 3.8532
66.0000 3.9351 3.8632
67.0000 3.9362 3.8725
68.0000 3.9371 3.8813
69.0000 3.9378 3.8896
70.0000 3.9385 3.8975
71.0000 3.9390 3.9047
72.0000 3.9395 3.9116
73.0000 3.9398 3.9180
74.0000 3.9400 3.9242
75.0000 3.9402 3.9298
76.0000 3.9403 3.9350
77.0000 3.9404 3.9401
78.0000 3.9403 3.9446
79.0000 3.9403 3.9490
80.0000 3.9401 3.9529
