5.0000 2.9162 2.6329
6.0000 2.9733 2.6909
7.0000 3.0214 2.7381
8.0000 3.0634 2.7750
9.0000 3.1016 2.8024
10.0000 3.1375 2.8214
11.0000 3.1722 2.8334
12.0000 3.2067 2.8404
13.0000 3.2412 2.8448
14.0000 3.2762 2.8487
15.0000 3.3114 2.8547
16.0000 3.3467 2.8647
17.0000 3.3817 2.8801
18.0000 3.4159 2.9019
19.0000 3.4488 2.9302
20.0000 3.4801 2.9644
21.0000 3.5093 3.0033
22.0000 3.5364 3.0455
23.0000 3.5612 3.0896
24.0000 3.5837 3.1339
25.0000 3.6041 3.1777
26.0000 3.6224 3.2199
27.0000 3.6390 3.2598
28.0000 3.6539 3.2971
29.0000 3.6673 3.3318
30.0000 3.6794 3.3637
31.0000 3.6903 3.3930
32.0000 3.7003 3.4197
33.0000 3.7093 3.4441
34.0000 3.7176 3.4664
35.0000 3.7252 3.4866
36.0000 3.7322 3.5051
37.0000 3.7386 3.5221
38.0000 3.7446 3.5376
39.0000 3.7502 3.5519
40.0000 3.7554 3.5650
41.0000 3.7602 3.5771
42.0000 3.7648 3.5883
43.0000 3.7690 3.5987
44.0000 3.7731 3.6086
45.0000 3.7769 3.6176
46.0000 3.7805 3.6262
47.0000 3.7839 3.6341
48.0000 3.7871 3.6418
49.0000 3.7902 3.6489
50.0000 3.7931 3.6557
51.0000 3.7959 3.6622
52.0000 3.7985 3.6684
53.0000 3.8011 3.6742
54.0000 3.8035 3.6798
55.0000 3.8058 3.6852
56.0000 3.8080 3.6904
57.0000 3.8101 3.6953
58.0000 3.8122 3.7001
59.0000 3.8141 3.7047
60.0000 3.8160 3.7091
61.0000 3.8178 3.7135
62.0000 3.8195 3.7175
63.0000 3.8212 3.7216
64.0000 3.8227 3.7254
65.0000 3.8243 3.7290
66.0000 3.8258 3.7327
67.0000 3.8272 3.7362
68.0000 3.8285 3.7395
69.0000 3.8299 3.7428
70.0000 3.8311 3.7459
71.0000 3.8323 3.7490
72.0000 3.8335 3.7520
73.0000 3.8347 3.7548
74.0000 3.8358 3.7577
75.0000 3.8368 3.7604
76.0000 3.8378 3.7629
77.0000 3.8388 3.7654
78.0000 3.8398 3.7679
79.0000 3.8407 3.7702
80.0000 3.8416 3.7725
