5.0000 3.0580 2.8382
6.0000 3.0996 2.8930
7.0000 3.1334 2.9295
8.0000 3.1629 2.9516
9.0000 3.1906 2.9622
10.0000 3.2179 2.9642
11.0000 3.2459 2.9603
12.0000 3.2750 2.9526
13.0000 3.3055 2.9437
14.0000 3.3374 2.9358
15.0000 3.3706 2.9311
16.0000 3.4047 2.9317
17.0000 3.4391 2.9389
18.0000 3.4734 2.9537
19.0000 3.5069 2.9763
20.0000 3.5391 3.0061
21.0000 3.5696 3.0420
22.0000 3.5980 3.0826
23.0000 3.6243 3.1261
24.0000 3.6483 3.1710
25.0000 3.6701 3.2160
26.0000 3.6898 3.2598
27.0000 3.7076 3.3017
28.0000 3.7236 3.3412
29.0000 3.7381 3.3781
30.0000 3.7511 3.4120
31.0000 3.7630 3.4433
32.0000 3.7737 3.4718
33.0000 3.7835 3.4978
34.0000 3.7925 3.5216
35.0000 3.8007 3.5432
36.0000 3.8083 3.5629
37.0000 3.8153 3.5809
38.0000 3.8218 3.5975
39.0000 3.8278 3.6126
40.0000 3.8335 3.6266
41.0000 3.8388 3.6394
42.0000 3.8437 3.6514
43.0000 3.8484 3.6625
44.0000 3.8528 3.6729
45.0000 3.8570 3.6826
46.0000 3.8609 3.6918
47.0000 3.8647 3.7005
48.0000 3.8683 3.7087
49.0000 3.8716 3.7165
50.0000 3.8749 3.7240
51.0000 3.8779 3.7311
52.0000 3.8808 3.7379
53.0000 3.8836 3.7445
54.0000 3.8863 3.7510
55.0000 3.8888 3.7571
56.0000 3.8912 3.7630
57.0000 3.8936 3.7687
58.0000 3.8958 3.7743
59.0000 3.8979 3.7797
60.0000 3.8999 3.7849
61.0000 3.9018 3.7900
62.0000 3.9037 3.7949
63.0000 3.9054 3.7996
64.0000 3.9071 3.8042
65.0000 3.9087 3.8087
66.0000 3.9103 3.8131
67.0000 3.9118 3.8173
68.0000 3.9132 3.8215
69.0000 3.9145 3.8255
70.0000 3.9158 3.8294
71.0000 3.9171 3.8331
72.0000 3.9182 3.8367
73.0000 3.9194 3.8402
74.0000 3.9205 3.8437
75.0000 3.9215 3.8470
76.0000 3.9225 3.8503
77.0000 3.9234 3.8534
78.0000 3.9243 3.8564
79.0000 3.9252 3.8592
80.0000 3.9260 3.8620
