5.0000 2.8805 2.6662
6.0000 2.9204 2.7271
7.0000 2.9509 2.7715
8.0000 2.9759 2.8025
9.0000 2.9976 2.8225
10.0000 3.0177 2.8335
11.0000 3.0371 2.8370
12.0000 3.0568 2.8345
13.0000 3.0772 2.8273
14.0000 3.0988 2.8166
15.0000 3.1216 2.8040
16.0000 3.1459 2.7907
17.0000 3.1716 2.7782
18.0000 3.1987 2.7677
19.0000 3.2269 2.7605
20.0000 3.2560 2.7580
21.0000 3.2856 2.7607
22.0000 3.3154 2.7694
23.0000 3.3450 2.7841
24.0000 3.3739 2.8048
25.0000 3.4020 2.8306
26.0000 3.4288 2.8609
27.0000 3.4543 2.8946
28.0000 3.4783 2.9306
29.0000 3.5008 2.9679
30.0000 3.5217 3.0056
31.0000 3.5411 3.0429
32.0000 3.5591 3.0792
33.0000 3.5758 3.1142
34.0000 3.5913 3.1475
35.0000 3.6057 3.1788
36.0000 3.6190 3.2084
37.0000 3.6314 3.2360
38.0000 3.6430 3.2618
39.0000 3.6538 3.2856
40.0000 3.6640 3.3079
41.0000 3.6736 3.3285
42.0000 3.6826 3.3478
43.0000 3.6911 3.3656
44.0000 3.6992 3.3822
45.0000 3.7069 3.3977
46.0000 3.7142 3.4122
47.0000 3.7212 3.4257
48.0000 3.7279 3.4385
49.0000 3.7343 3.4505
50.0000 3.7404 3.4618
51.0000 3.7463 3.4725
52.0000 3.7520 3.4826
53.0000 3.7575 3.4921
54.0000 3.7628 3.5013
55.0000 3.7679 3.5101
56.0000 3.7728 3.5184
57.0000 3.7776 3.5265
58.0000 3.7823 3.5343
59.0000 3.7868 3.5417
60.0000 3.7912 3.5490
61.0000 3.7954 3.5560
62.0000 3.7996 3.5628
63.0000 3.8036 3.5693
64.0000 3.8075 3.5757
65.0000 3.8113 3.5820
66.0000 3.8150 3.5880
67.0000 3.8186 3.5940
68.0000 3.8221 3.5998
69.0000 3.8255 3.6055
70.0000 3.8289 3.6111
71.0000 3.8321 3.6164
72.0000 3.8353 3.6218
73.0000 3.8384 3.6270
74.0000 3.8415 3.6322
75.0000 3.8444 3.6373
76.0000 3.8473 3.6422
77.0000 3.8501 3.6471
78.0000 3.8529 3.6519
79.0000 3.8555 3.6566
80.0000 3.8582 3.6612
