5.0000 3.0390 2.8882
6.0000 3.0665 2.9286
7.0000 3.0881 2.9569
8.0000 3.1064 2.9750
9.0000 3.1229 2.9843
10.0000 3.1389 2.9859
11.0000 3.1553 2.9808
12.0000 3.1726 2.9700
13.0000 3.1914 2.9546
14.0000 3.2120 2.9360
15.0000 3.2346 2.9150
16.0000 3.2593 2.8933
17.0000 3.2861 2.8722
18.0000 3.3150 2.8532
19.0000 3.3457 2.8379
20.0000 3.3779 2.8278
21.0000 3.4113 2.8240
22.0000 3.4454 2.8277
23.0000 3.4796 2.8395
24.0000 3.5135 2.8596
25.0000 3.5465 2.8874
26.0000 3.5782 2.9224
27.0000 3.6082 2.9632
28.0000 3.6363 3.0085
29.0000 3.6624 3.0570
30.0000 3.6864 3.1068
31.0000 3.7083 3.1572
32.0000 3.7282 3.2071
33.0000 3.7462 3.2556
34.0000 3.7624 3.3022
35.0000 3.7771 3.3466
36.0000 3.7902 3.3886
37.0000 3.8020 3.4282
38.0000 3.8127 3.4651
39.0000 3.8222 3.4996
40.0000 3.8307 3.5319
41.0000 3.8384 3.5618
42.0000 3.8453 3.5895
43.0000 3.8515 3.6154
44.0000 3.8570 3.6392
45.0000 3.8620 3.6615
46.0000 3.8664 3.6821
47.0000 3.8704 3.7013
48.0000 3.8740 3.7190
49.0000 3.8771 3.7355
50.0000 3.8800 3.7508
51.0000 3.8825 3.7651
52.0000 3.8847 3.7783
53.0000 3.8867 3.7905
54.0000 3.8884 3.8020
55.0000 3.8900 3.8126
56.0000 3.8913 3.8224
57.0000 3.8925 3.8316
58.0000 3.8935 3.8401
59.0000 3.8943 3.8481
60.0000 3.8951 3.8554
61.0000 3.8957 3.8623
62.0000 3.8962 3.8686
63.0000 3.8966 3.8745
64.0000 3.8969 3.8800
65.0000 3.8971 3.8850
66.0000 3.8972 3.8897
67.0000 3.8973 3.8940
68.0000 3.8973 3.8980
69.0000 3.8973 3.9017
70.0000 3.8972 3.9053
71.0000 3.8971 3.9083
72.0000 3.8969 3.9112
73.0000 3.8967 3.9139
74.0000 3.8964 3.9163
75.0000 3.8961 3.9186
76.0000 3.8958 3.9206
77.0000 3.8955 3.9225
78.0000 3.8951 3.9240
79.0000 3.8948 3.9255
80.0000 3.8944 3.9269
