5.0000 2.8280 2.4597
6.0000 2.9036 2.5470
7.0000 2.9652 2.6182
8.0000 3.0171 2.6756
9.0000 3.0623 2.7208
10.0000 3.1032 2.7547
11.0000 3.1413 2.7792
12.0000 3.1779 2.7958
13.0000 3.2139 2.8066
14.0000 3.2498 2.8140
15.0000 3.2859 2.8203
16.0000 3.3221 2.8279
17.0000 3.3584 2.8386
18.0000 3.3944 2.8541
19.0000 3.4297 2.8753
20.0000 3.4639 2.9029
21.0000 3.4965 2.9364
22.0000 3.5273 2.9752
23.0000 3.5560 3.0179
24.0000 3.5825 3.0634
25.0000 3.6066 3.1101
26.0000 3.6286 3.1569
27.0000 3.6484 3.2026
28.0000 3.6663 3.2465
29.0000 3.6823 3.2881
30.0000 3.6968 3.3270
31.0000 3.7098 3.3632
32.0000 3.7215 3.3964
33.0000 3.7321 3.4270
34.0000 3.7416 3.4548
35.0000 3.7504 3.4803
36.0000 3.7583 3.5035
37.0000 3.7656 3.5247
38.0000 3.7722 3.5440
39.0000 3.7784 3.5617
40.0000 3.7840 3.5778
41.0000 3.7893 3.5925
42.0000 3.7941 3.6063
43.0000 3.7987 3.6188
44.0000 3.8029 3.6304
45.0000 3.8069 3.6412
46.0000 3.8106 3.6511
47.0000 3.8141 3.6606
48.0000 3.8175 3.6695
49.0000 3.8206 3.6776
50.0000 3.8235 3.6855
51.0000 3.8263 3.6928
52.0000 3.8289 3.6998
53.0000 3.8314 3.7065
54.0000 3.8338 3.7128
55.0000 3.8361 3.7189
56.0000 3.8382 3.7247
57.0000 3.8402 3.7304
58.0000 3.8422 3.7357
59.0000 3.8440 3.7409
60.0000 3.8458 3.7459
61.0000 3.8474 3.7507
62.0000 3.8490 3.7552
63.0000 3.8505 3.7597
64.0000 3.8520 3.7642
65.0000 3.8534 3.7682
66.0000 3.8547 3.7723
67.0000 3.8559 3.7762
68.0000 3.8571 3.7800
69.0000 3.8582 3.7837
70.0000 3.8593 3.7873
71.0000 3.8603 3.7908
72.0000 3.8613 3.7941
73.0000 3.8622 3.7973
74.0000 3.8631 3.8004
75.0000 3.8639 3.8034
76.0000 3.8647 3.8062
77.0000 3.8655 3.8092
78.0000 3.8662 3.8118
79.0000 3.8669 3.8144
80.0000 3.8676 3.8169
