5.0000 2.7785 2.4382
6.0000 2.8477 2.5186
7.0000 2.9045 2.5785
8.0000 2.9539 2.6207
9.0000 2.9993 2.6481
10.0000 3.0429 2.6642
11.0000 3.0862 2.6721
12.0000 3.1300 2.6751
13.0000 3.1749 2.6768
14.0000 3.2209 2.6803
15.0000 3.2676 2.6889
16.0000 3.3145 2.7051
17.0000 3.3607 2.7307
18.0000 3.4055 2.7663
19.0000 3.4480 2.8112
20.0000 3.4876 2.8640
21.0000 3.5239 2.9220
22.0000 3.5567 2.9829
23.0000 3.5861 3.0442
24.0000 3.6123 3.1038
25.0000 3.6356 3.1605
26.0000 3.6561 3.2131
27.0000 3.6744 3.2614
28.0000 3.6907 3.3052
29.0000 3.7052 3.3445
30.0000 3.7183 3.3795
31.0000 3.7301 3.4105
32.0000 3.7409 3.4380
33.0000 3.7508 3.4622
34.0000 3.7599 3.4836
35.0000 3.7683 3.5025
36.0000 3.7762 3.5190
37.0000 3.7837 3.5337
38.0000 3.7907 3.5468
39.0000 3.7974 3.5582
40.0000 3.8038 3.5685
41.0000 3.8100 3.5777
42.0000 3.8159 3.5860
43.0000 3.8216 3.5935
44.0000 3.8272 3.6002
45.0000 3.8326 3.6066
46.0000 3.8379 3.6124
47.0000 3.8430 3.6178
48.0000 3.8480 3.6230
49.0000 3.8530 3.6279
50.0000 3.8578 3.6327
51.0000 3.8625 3.6373
52.0000 3.8672 3.6418
53.0000 3.8717 3.6463
54.0000 3.8762 3.6507
55.0000 3.8806 3.6550
56.0000 3.8849 3.6595
57.0000 3.8892 3.6639
58.0000 3.8933 3.6684
59.0000 3.8974 3.6729
60.0000 3.9014 3.6775
61.0000 3.9053 3.6820
62.0000 3.9092 3.6867
63.0000 3.9129 3.6913
64.0000 3.9166 3.6960
65.0000 3.9202 3.7009
66.0000 3.9238 3.7056
67.0000 3.9272 3.7104
68.0000 3.9306 3.7153
69.0000 3.9339 3.7202
70.0000 3.9372 3.7251
71.0000 3.9403 3.7300
72.0000 3.9434 3.7349
73.0000 3.9465 3.7398
74.0000 3.9494 3.7447
75.0000 3.9523 3.7496
76.0000 3.9551 3.7546
77.0000 3.9579 3.7594
78.0000 3.9605 3.7642
79.0000 3.9632 3.7691
80.0000 3.9657 3.7738
