5.0000 3.0422 2.7778
6.0000 3.0931 2.8454
7.0000 3.1335 2.8968
8.0000 3.1673 2.9339
9.0000 3.1972 2.9587
10.0000 3.2251 2.9731
11.0000 3.2522 2.9790
12.0000 3.2795 2.9786
13.0000 3.3076 2.9734
14.0000 3.3368 2.9656
15.0000 3.3673 2.9571
16.0000 3.3991 2.9498
17.0000 3.4319 2.9456
18.0000 3.4656 2.9462
19.0000 3.4997 2.9530
20.0000 3.5337 2.9668
21.0000 3.5671 2.9882
22.0000 3.5994 3.0171
23.0000 3.6302 3.0526
24.0000 3.6591 3.0940
25.0000 3.6859 3.1396
26.0000 3.7104 3.1879
27.0000 3.7327 3.2377
28.0000 3.7527 3.2876
29.0000 3.7707 3.3366
30.0000 3.7866 3.3839
31.0000 3.8008 3.4289
32.0000 3.8133 3.4713
33.0000 3.8243 3.5109
34.0000 3.8340 3.5476
35.0000 3.8425 3.5816
36.0000 3.8500 3.6129
37.0000 3.8566 3.6415
38.0000 3.8624 3.6678
39.0000 3.8674 3.6918
40.0000 3.8718 3.7137
41.0000 3.8757 3.7336
42.0000 3.8790 3.7519
43.0000 3.8819 3.7686
44.0000 3.8845 3.7837
45.0000 3.8866 3.7974
46.0000 3.8885 3.8099
47.0000 3.8901 3.8214
48.0000 3.8915 3.8319
49.0000 3.8927 3.8414
50.0000 3.8936 3.8500
51.0000 3.8944 3.8578
52.0000 3.8951 3.8650
53.0000 3.8956 3.8714
54.0000 3.8960 3.8774
55.0000 3.8963 3.8827
56.0000 3.8965 3.8876
57.0000 3.8966 3.8919
58.0000 3.8966 3.8960
59.0000 3.8966 3.8996
60.0000 3.8965 3.9028
61.0000 3.8964 3.9057
62.0000 3.8962 3.9082
63.0000 3.8960 3.9107
64.0000 3.8958 3.9127
65.0000 3.8955 3.9145
66.0000 3.8952 3.9162
67.0000 3.8949 3.9175
68.0000 3.8945 3.9188
69.0000 3.8942 3.9199
70.0000 3.8938 3.9208
71.0000 3.8934 3.9215
72.0000 3.8930 3.9221
73.0000 3.8926 3.9227
74.0000 3.8922 3.9231
75.0000 3.8918 3.9232
76.0000 3.8913 3.9234
77.0000 3.8909 3.9235
78.0000 3.8905 3.9236
79.0000 3.8901 3.9235
80.0000 3.8897 3.9233
