5.0000 2.8738 2.6856
6.0000 2.9068 2.7552
7.0000 2.9285 2.8116
8.0000 2.9427 2.8550
9.0000 2.9519 2.8863
10.0000 2.9581 2.9072
11.0000 2.9625 2.9195
12.0000 2.9662 2.9248
13.0000 2.9697 2.9248
14.0000 2.9733 2.9203
15.0000 2.9775 2.9124
16.0000 2.9822 2.9017
17.0000 2.9878 2.8888
18.0000 2.9943 2.8743
19.0000 3.0017 2.8584
20.0000 3.0101 2.8415
21.0000 3.0196 2.8238
22.0000 3.0301 2.8057
23.0000 3.0416 2.7874
24.0000 3.0542 2.7692
25.0000 3.0678 2.7513
26.0000 3.0824 2.7340
27.0000 3.0980 2.7175
28.0000 3.1145 2.7022
29.0000 3.1319 2.6883
30.0000 3.1501 2.6760
31.0000 3.1691 2.6658
32.0000 3.1887 2.6578
33.0000 3.2089 2.6522
34.0000 3.2295 2.6494
35.0000 3.2505 2.6492
36.0000 3.2717 2.6522
37.0000 3.2929 2.6581
38.0000 3.3142 2.6671
39.0000 3.3353 2.6791
40.0000 3.3561 2.6938
41.0000 3.3765 2.7114
42.0000 3.3965 2.7314
43.0000 3.4159 2.7537
44.0000 3.4347 2.7777
45.0000 3.4529 2.8035
46.0000 3.4703 2.8305
47.0000 3.4870 2.8586
48.0000 3.5029 2.8873
49.0000 3.5181 2.9164
50.0000 3.5326 2.9456
51.0000 3.5463 2.9749
52.0000 3.5593 3.0038
53.0000 3.5716 3.0323
54.0000 3.5833 3.0603
55.0000 3.5943 3.0875
56.0000 3.6047 3.1140
57.0000 3.6146 3.1398
58.0000 3.6239 3.1647
59.0000 3.6327 3.1886
60.0000 3.6411 3.2117
61.0000 3.6490 3.2338
62.0000 3.6564 3.2551
63.0000 3.6635 3.2754
64.0000 3.6702 3.2949
65.0000 3.6766 3.3136
66.0000 3.6826 3.3313
67.0000 3.6883 3.3484
68.0000 3.6938 3.3646
69.0000 3.6990 3.3802
70.0000 3.7039 3.3949
71.0000 3.7086 3.4090
72.0000 3.7131 3.4226
73.0000 3.7173 3.4354
74.0000 3.7214 3.4478
75.0000 3.7253 3.4595
76.0000 3.7291 3.4707
77.0000 3.7326 3.4815
78.0000 3.7361 3.4918
79.0000 3.7393 3.5015
80.0000 3.7425 3.5109
