5.0000 3.0362 2.7275
6.0000 3.0955 2.8160
7.0000 3.1408 2.8812
8.0000 3.1777 2.9276
9.0000 3.2096 2.9581
10.0000 3.2390 2.9755
11.0000 3.2674 2.9826
12.0000 3.2960 2.9822
13.0000 3.3254 2.9771
14.0000 3.3559 2.9697
15.0000 3.3877 2.9626
16.0000 3.4207 2.9581
17.0000 3.4545 2.9582
18.0000 3.4887 2.9644
19.0000 3.5229 2.9777
20.0000 3.5565 2.9984
21.0000 3.5890 3.0265
22.0000 3.6200 3.0609
23.0000 3.6491 3.1006
24.0000 3.6761 3.1443
25.0000 3.7009 3.1904
26.0000 3.7235 3.2375
27.0000 3.7439 3.2845
28.0000 3.7623 3.3305
29.0000 3.7788 3.3748
30.0000 3.7936 3.4169
31.0000 3.8068 3.4565
32.0000 3.8185 3.4935
33.0000 3.8290 3.5278
34.0000 3.8384 3.5594
35.0000 3.8467 3.5885
36.0000 3.8542 3.6152
37.0000 3.8609 3.6397
38.0000 3.8669 3.6620
39.0000 3.8723 3.6825
40.0000 3.8772 3.7011
41.0000 3.8816 3.7180
42.0000 3.8855 3.7335
43.0000 3.8891 3.7477
44.0000 3.8924 3.7605
45.0000 3.8953 3.7723
46.0000 3.8980 3.7831
47.0000 3.9005 3.7928
48.0000 3.9027 3.8017
49.0000 3.9048 3.8099
50.0000 3.9067 3.8174
51.0000 3.9084 3.8242
52.0000 3.9101 3.8304
53.0000 3.9116 3.8362
54.0000 3.9130 3.8413
55.0000 3.9143 3.8462
56.0000 3.9155 3.8504
57.0000 3.9166 3.8544
58.0000 3.9177 3.8581
59.0000 3.9187 3.8615
60.0000 3.9197 3.8647
61.0000 3.9206 3.8674
62.0000 3.9214 3.8701
63.0000 3.9223 3.8724
64.0000 3.9230 3.8746
65.0000 3.9238 3.8766
66.0000 3.9245 3.8784
67.0000 3.9252 3.8800
68.0000 3.9259 3.8817
69.0000 3.9265 3.8831
70.0000 3.9272 3.8844
71.0000 3.9278 3.8855
72.0000 3.9284 3.8867
73.0000 3.9289 3.8877
74.0000 3.9295 3.8887
75.0000 3.9300 3.8896
76.0000 3.9306 3.8904
77.0000 3.9311 3.8912
78.0000 3.9316 3.8919
79.0000 3.9321 3.8925
80.0000 3.9326 3.8931
