5.0000 3.0181 2.9061
6.0000 3.0365 2.9530
7.0000 3.0479 2.9863
8.0000 3.0552 3.0091
9.0000 3.0601 3.0236
10.0000 3.0637 3.0316
11.0000 3.0668 3.0344
12.0000 3.0698 3.0329
13.0000 3.0730 3.0281
14.0000 3.0768 3.0201
15.0000 3.0813 3.0096
16.0000 3.0867 2.9970
17.0000 3.0929 2.9826
18.0000 3.1001 2.9666
19.0000 3.1084 2.9493
20.0000 3.1178 2.9310
21.0000 3.1283 2.9120
22.0000 3.1399 2.8925
23.0000 3.1527 2.8728
24.0000 3.1666 2.8533
25.0000 3.1816 2.8342
26.0000 3.1977 2.8160
27.0000 3.2149 2.7989
28.0000 3.2331 2.7834
29.0000 3.2522 2.7698
30.0000 3.2722 2.7584
31.0000 3.2928 2.7495
32.0000 3.3141 2.7435
33.0000 3.3359 2.7406
34.0000 3.3580 2.7411
35.0000 3.3804 2.7450
36.0000 3.4027 2.7525
37.0000 3.4250 2.7636
38.0000 3.4470 2.7780
39.0000 3.4687 2.7957
40.0000 3.4899 2.8164
41.0000 3.5104 2.8399
42.0000 3.5303 2.8656
43.0000 3.5495 2.8936
44.0000 3.5678 2.9230
45.0000 3.5852 2.9537
46.0000 3.6019 2.9854
47.0000 3.6176 3.0174
48.0000 3.6325 3.0498
49.0000 3.6465 3.0821
50.0000 3.6598 3.1140
51.0000 3.6722 3.1456
52.0000 3.6839 3.1764
53.0000 3.6949 3.2064
54.0000 3.7051 3.2355
55.0000 3.7148 3.2636
56.0000 3.7238 3.2908
57.0000 3.7323 3.3168
58.0000 3.7402 3.3417
59.0000 3.7477 3.3655
60.0000 3.7547 3.3884
61.0000 3.7612 3.4101
62.0000 3.7673 3.4308
63.0000 3.7731 3.4505
64.0000 3.7785 3.4692
65.0000 3.7837 3.4870
66.0000 3.7885 3.5040
67.0000 3.7930 3.5201
68.0000 3.7972 3.5353
69.0000 3.8012 3.5497
70.0000 3.8050 3.5634
71.0000 3.8086 3.5765
72.0000 3.8120 3.5888
73.0000 3.8152 3.6006
74.0000 3.8182 3.6117
75.0000 3.8211 3.6223
76.0000 3.8238 3.6322
77.0000 3.8264 3.6418
78.0000 3.8289 3.6508
79.0000 3.8312 3.6593
80.0000 3.8334 3.6676
