5.0000 3.0215 2.8741
6.0000 3.0480 2.9177
7.0000 3.0680 2.9497
8.0000 3.0838 2.9738
9.0000 3.0968 2.9919
10.0000 3.1081 3.0056
11.0000 3.1182 3.0154
12.0000 3.1276 3.0219
13.0000 3.1365 3.0255
14.0000 3.1454 3.0260
15.0000 3.1543 3.0239
16.0000 3.1636 3.0191
17.0000 3.1733 3.0120
18.0000 3.1836 3.0026
19.0000 3.1946 2.9914
20.0000 3.2064 2.9786
21.0000 3.2191 2.9644
22.0000 3.2328 2.9492
23.0000 3.2474 2.9336
24.0000 3.2630 2.9177
25.0000 3.2796 2.9021
26.0000 3.2971 2.8870
27.0000 3.3156 2.8730
28.0000 3.3349 2.8604
29.0000 3.3551 2.8497
30.0000 3.3759 2.8414
31.0000 3.3974 2.8356
32.0000 3.4193 2.8328
33.0000 3.4416 2.8332
34.0000 3.4641 2.8372
35.0000 3.4867 2.8447
36.0000 3.5091 2.8558
37.0000 3.5313 2.8703
38.0000 3.5530 2.8884
39.0000 3.5743 2.9096
40.0000 3.5949 2.9337
41.0000 3.6148 2.9604
42.0000 3.6339 2.9892
43.0000 3.6522 3.0197
44.0000 3.6695 3.0516
45.0000 3.6860 3.0843
46.0000 3.7015 3.1176
47.0000 3.7161 3.1511
48.0000 3.7299 3.1845
49.0000 3.7428 3.2175
50.0000 3.7548 3.2499
51.0000 3.7661 3.2816
52.0000 3.7766 3.3123
53.0000 3.7865 3.3420
54.0000 3.7956 3.3707
55.0000 3.8042 3.3982
56.0000 3.8122 3.4245
57.0000 3.8196 3.4496
58.0000 3.8266 3.4735
59.0000 3.8330 3.4963
60.0000 3.8391 3.5179
61.0000 3.8447 3.5385
62.0000 3.8500 3.5580
63.0000 3.8549 3.5764
64.0000 3.8595 3.5938
65.0000 3.8638 3.6105
66.0000 3.8678 3.6260
67.0000 3.8716 3.6408
68.0000 3.8752 3.6548
69.0000 3.8785 3.6679
70.0000 3.8816 3.6804
71.0000 3.8846 3.6923
72.0000 3.8873 3.7033
73.0000 3.8899 3.7139
74.0000 3.8924 3.7238
75.0000 3.8947 3.7333
76.0000 3.8968 3.7422
77.0000 3.8989 3.7505
78.0000 3.9009 3.7585
79.0000 3.9027 3.7660
80.0000 3.9044 3.7731
