5.0000 2.9236 2.5988
6.0000 2.9890 2.6747
7.0000 3.0423 2.7351
8.0000 3.0878 2.7803
9.0000 3.1285 2.8118
10.0000 3.1667 2.8313
11.0000 3.2040 2.8412
12.0000 3.2414 2.8442
13.0000 3.2795 2.8432
14.0000 3.3188 2.8411
15.0000 3.3592 2.8411
16.0000 3.4004 2.8457
17.0000 3.4419 2.8573
18.0000 3.4831 2.8774
19.0000 3.5232 2.9067
20.0000 3.5616 2.9450
21.0000 3.5977 2.9913
22.0000 3.6310 3.0436
23.0000 3.6614 3.1001
24.0000 3.6887 3.1585
25.0000 3.7130 3.2169
26.0000 3.7346 3.2739
27.0000 3.7535 3.3283
28.0000 3.7702 3.3795
29.0000 3.7847 3.4271
30.0000 3.7975 3.4710
31.0000 3.8086 3.5110
32.0000 3.8183 3.5475
33.0000 3.8269 3.5806
34.0000 3.8343 3.6105
35.0000 3.8409 3.6375
36.0000 3.8466 3.6620
37.0000 3.8517 3.6839
38.0000 3.8561 3.7039
39.0000 3.8600 3.7218
40.0000 3.8635 3.7381
41.0000 3.8665 3.7529
42.0000 3.8692 3.7661
43.0000 3.8716 3.7782
44.0000 3.8736 3.7892
45.0000 3.8755 3.7991
46.0000 3.8771 3.8082
47.0000 3.8785 3.8163
48.0000 3.8798 3.8238
49.0000 3.8809 3.8306
50.0000 3.8819 3.8368
51.0000 3.8827 3.8426
52.0000 3.8835 3.8476
53.0000 3.8841 3.8524
54.0000 3.8847 3.8567
55.0000 3.8852 3.8607
56.0000 3.8856 3.8642
57.0000 3.8859 3.8675
58.0000 3.8862 3.8704
59.0000 3.8865 3.8732
60.0000 3.8867 3.8756
61.0000 3.8868 3.8779
62.0000 3.8870 3.8801
63.0000 3.8871 3.8820
64.0000 3.8871 3.8837
65.0000 3.8872 3.8852
66.0000 3.8872 3.8867
67.0000 3.8872 3.8880
68.0000 3.8872 3.8891
69.0000 3.8871 3.8901
70.0000 3.8871 3.8911
71.0000 3.8870 3.8918
72.0000 3.8870 3.8926
73.0000 3.8869 3.8933
74.0000 3.8868 3.8939
75.0000 3.8867 3.8943
76.0000 3.8866 3.8948
77.0000 3.8865 3.8952
78.0000 3.8863 3.8954
79.0000 3.8862 3.8957
80.0000 3.8861 3.8959
