5.0000 2.8298 2.6139
6.0000 2.8713 2.6663
7.0000 2.9043 2.7117
8.0000 2.9309 2.7508
9.0000 2.9527 2.7845
10.0000 2.9709 2.8130
11.0000 2.9863 2.8367
12.0000 2.9997 2.8561
13.0000 3.0117 2.8714
14.0000 3.0225 2.8830
15.0000 3.0327 2.8910
16.0000 3.0424 2.8958
17.0000 3.0520 2.8974
18.0000 3.0616 2.8964
19.0000 3.0714 2.8927
20.0000 3.0816 2.8868
21.0000 3.0922 2.8790
22.0000 3.1034 2.8696
23.0000 3.1152 2.8589
24.0000 3.1277 2.8474
25.0000 3.1409 2.8351
26.0000 3.1548 2.8227
27.0000 3.1694 2.8105
28.0000 3.1848 2.7986
29.0000 3.2008 2.7876
30.0000 3.2175 2.7778
31.0000 3.2347 2.7695
32.0000 3.2525 2.7629
33.0000 3.2707 2.7586
34.0000 3.2893 2.7565
35.0000 3.3081 2.7570
36.0000 3.3271 2.7600
37.0000 3.3461 2.7658
38.0000 3.3650 2.7744
39.0000 3.3838 2.7856
40.0000 3.4023 2.7994
41.0000 3.4205 2.8154
42.0000 3.4382 2.8336
43.0000 3.4554 2.8538
44.0000 3.4721 2.8755
45.0000 3.4882 2.8985
46.0000 3.5036 2.9225
47.0000 3.5185 2.9472
48.0000 3.5327 2.9724
49.0000 3.5462 2.9978
50.0000 3.5592 3.0232
51.0000 3.5715 3.0485
52.0000 3.5832 3.0735
53.0000 3.5944 3.0979
54.0000 3.6050 3.1218
55.0000 3.6150 3.1451
56.0000 3.6246 3.1676
57.0000 3.6337 3.1893
58.0000 3.6424 3.2104
59.0000 3.6506 3.2306
60.0000 3.6585 3.2501
61.0000 3.6659 3.2687
62.0000 3.6731 3.2866
63.0000 3.6799 3.3038
64.0000 3.6864 3.3201
65.0000 3.6926 3.3358
66.0000 3.6985 3.3508
67.0000 3.7042 3.3652
68.0000 3.7097 3.3789
69.0000 3.7149 3.3920
70.0000 3.7199 3.4046
71.0000 3.7247 3.4166
72.0000 3.7294 3.4281
73.0000 3.7338 3.4391
74.0000 3.7381 3.4497
75.0000 3.7423 3.4597
76.0000 3.7463 3.4695
77.0000 3.7501 3.4788
78.0000 3.7539 3.4877
79.0000 3.7575 3.4964
80.0000 3.7610 3.5046
