5.0000 3.0073 2.7375
6.0000 3.0598 2.8035
7.0000 3.1017 2.8588
8.0000 3.1360 2.9045
9.0000 3.1648 2.9414
10.0000 3.1899 2.9702
11.0000 3.2124 2.9914
12.0000 3.2333 3.0056
13.0000 3.2534 3.0140
14.0000 3.2732 3.0173
15.0000 3.2932 3.0164
16.0000 3.3136 3.0126
17.0000 3.3346 3.0069
18.0000 3.3563 3.0000
19.0000 3.3789 2.9933
20.0000 3.4021 2.9875
21.0000 3.4261 2.9835
22.0000 3.4505 2.9820
23.0000 3.4753 2.9838
24.0000 3.5002 2.9890
25.0000 3.5251 2.9980
26.0000 3.5498 3.0109
27.0000 3.5740 3.0276
28.0000 3.5976 3.0477
29.0000 3.6203 3.0711
30.0000 3.6422 3.0971
31.0000 3.6631 3.1254
32.0000 3.6829 3.1555
33.0000 3.7016 3.1867
34.0000 3.7191 3.2189
35.0000 3.7356 3.2514
36.0000 3.7510 3.2840
37.0000 3.7653 3.3163
38.0000 3.7785 3.3482
39.0000 3.7908 3.3794
40.0000 3.8022 3.4097
41.0000 3.8127 3.4390
42.0000 3.8224 3.4675
43.0000 3.8314 3.4947
44.0000 3.8396 3.5210
45.0000 3.8472 3.5459
46.0000 3.8542 3.5698
47.0000 3.8606 3.5925
48.0000 3.8664 3.6142
49.0000 3.8718 3.6347
50.0000 3.8767 3.6541
51.0000 3.8813 3.6726
52.0000 3.8854 3.6901
53.0000 3.8892 3.7065
54.0000 3.8926 3.7220
55.0000 3.8958 3.7368
56.0000 3.8987 3.7506
57.0000 3.9013 3.7638
58.0000 3.9037 3.7761
59.0000 3.9058 3.7877
60.0000 3.9078 3.7986
61.0000 3.9096 3.8089
62.0000 3.9112 3.8185
63.0000 3.9126 3.8277
64.0000 3.9139 3.8362
65.0000 3.9151 3.8441
66.0000 3.9162 3.8518
67.0000 3.9171 3.8588
68.0000 3.9179 3.8654
69.0000 3.9187 3.8716
70.0000 3.9193 3.8775
71.0000 3.9199 3.8829
72.0000 3.9204 3.8880
73.0000 3.9208 3.8927
74.0000 3.9211 3.8972
75.0000 3.9214 3.9013
76.0000 3.9217 3.9052
77.0000 3.9219 3.9087
78.0000 3.9220 3.9122
79.0000 3.9221 3.9153
80.0000 3.9222 3.9181
