5.0000 2.8752 2.6211
6.0000 2.9251 2.6789
7.0000 2.9659 2.7256
8.0000 3.0007 2.7617
9.0000 3.0315 2.7875
10.0000 3.0601 2.8040
11.0000 3.0877 2.8122
12.0000 3.1154 2.8134
13.0000 3.1436 2.8095
14.0000 3.1730 2.8023
15.0000 3.2036 2.7937
16.0000 3.2357 2.7856
17.0000 3.2689 2.7799
18.0000 3.3032 2.7783
19.0000 3.3382 2.7823
20.0000 3.3733 2.7930
21.0000 3.4081 2.8107
22.0000 3.4422 2.8355
23.0000 3.4750 2.8671
24.0000 3.5062 2.9043
25.0000 3.5355 2.9459
26.0000 3.5628 2.9906
27.0000 3.5880 3.0369
28.0000 3.6111 3.0838
29.0000 3.6321 3.1302
30.0000 3.6513 3.1752
31.0000 3.6687 3.2183
32.0000 3.6845 3.2593
33.0000 3.6988 3.2978
34.0000 3.7118 3.3339
35.0000 3.7236 3.3674
36.0000 3.7343 3.3986
37.0000 3.7441 3.4274
38.0000 3.7530 3.4542
39.0000 3.7612 3.4789
40.0000 3.7687 3.5018
41.0000 3.7756 3.5229
42.0000 3.7819 3.5426
43.0000 3.7877 3.5609
44.0000 3.7931 3.5779
45.0000 3.7981 3.5936
46.0000 3.8027 3.6084
47.0000 3.8070 3.6221
48.0000 3.8110 3.6351
49.0000 3.8147 3.6470
50.0000 3.8182 3.6584
51.0000 3.8214 3.6690
52.0000 3.8244 3.6789
53.0000 3.8272 3.6883
54.0000 3.8299 3.6971
55.0000 3.8323 3.7055
56.0000 3.8346 3.7134
57.0000 3.8368 3.7209
58.0000 3.8388 3.7279
59.0000 3.8407 3.7346
60.0000 3.8425 3.7410
61.0000 3.8442 3.7470
62.0000 3.8458 3.7527
63.0000 3.8473 3.7582
64.0000 3.8487 3.7634
65.0000 3.8500 3.7682
66.0000 3.8513 3.7729
67.0000 3.8524 3.7774
68.0000 3.8535 3.7815
69.0000 3.8546 3.7856
70.0000 3.8556 3.7895
71.0000 3.8565 3.7931
72.0000 3.8574 3.7965
73.0000 3.8582 3.7999
74.0000 3.8590 3.8031
75.0000 3.8598 3.8060
76.0000 3.8605 3.8089
77.0000 3.8611 3.8116
78.0000 3.8618 3.8142
79.0000 3.8624 3.8166
80.0000 3.8629 3.8190
