5.0000 2.9100 2.6092
6.0000 2.9693 2.6846
7.0000 3.0165 2.7448
8.0000 3.0558 2.7897
9.0000 3.0903 2.8196
10.0000 3.1224 2.8363
11.0000 3.1537 2.8423
12.0000 3.1855 2.8398
13.0000 3.2185 2.8321
14.0000 3.2531 2.8218
15.0000 3.2895 2.8119
16.0000 3.3275 2.8052
17.0000 3.3668 2.8042
18.0000 3.4069 2.8108
19.0000 3.4469 2.8268
20.0000 3.4863 2.8526
21.0000 3.5242 2.8880
22.0000 3.5601 2.9319
23.0000 3.5935 2.9825
24.0000 3.6241 3.0380
25.0000 3.6518 3.0957
26.0000 3.6766 3.1541
27.0000 3.6987 3.2112
28.0000 3.7183 3.2662
29.0000 3.7356 3.3179
30.0000 3.7508 3.3659
31.0000 3.7642 3.4100
32.0000 3.7761 3.4503
33.0000 3.7866 3.4867
34.0000 3.7959 3.5196
35.0000 3.8041 3.5490
36.0000 3.8115 3.5754
37.0000 3.8181 3.5990
38.0000 3.8241 3.6201
39.0000 3.8295 3.6388
40.0000 3.8344 3.6554
41.0000 3.8389 3.6704
42.0000 3.8430 3.6835
43.0000 3.8468 3.6952
44.0000 3.8503 3.7056
45.0000 3.8537 3.7148
46.0000 3.8567 3.7230
47.0000 3.8597 3.7303
48.0000 3.8624 3.7368
49.0000 3.8651 3.7424
50.0000 3.8676 3.7475
51.0000 3.8700 3.7521
52.0000 3.8724 3.7561
53.0000 3.8747 3.7596
54.0000 3.8769 3.7628
55.0000 3.8790 3.7656
56.0000 3.8811 3.7681
57.0000 3.8832 3.7705
58.0000 3.8852 3.7724
59.0000 3.8872 3.7742
60.0000 3.8891 3.7759
61.0000 3.8911 3.7775
62.0000 3.8930 3.7789
63.0000 3.8949 3.7801
64.0000 3.8967 3.7813
65.0000 3.8986 3.7826
66.0000 3.9004 3.7836
67.0000 3.9022 3.7846
68.0000 3.9040 3.7857
69.0000 3.9058 3.7867
70.0000 3.9076 3.7877
71.0000 3.9093 3.7886
72.0000 3.9111 3.7896
73.0000 3.9128 3.7906
74.0000 3.9145 3.7915
75.0000 3.9163 3.7926
76.0000 3.9180 3.7936
77.0000 3.9196 3.7946
78.0000 3.9213 3.7956
79.0000 3.9230 3.7967
80.0000 3.9246 3.7978
