5.0000 3.0476 2.8440
6.0000 3.0848 2.9044
7.0000 3.1132 2.9442
8.0000 3.1369 2.9679
9.0000 3.1586 2.9780
10.0000 3.1800 2.9771
11.0000 3.2022 2.9677
12.0000 3.2261 2.9522
13.0000 3.2522 2.9329
14.0000 3.2806 2.9125
15.0000 3.3114 2.8935
16.0000 3.3443 2.8783
17.0000 3.3789 2.8693
18.0000 3.4147 2.8686
19.0000 3.4510 2.8774
20.0000 3.4870 2.8961
21.0000 3.5219 2.9248
22.0000 3.5553 2.9620
23.0000 3.5866 3.0061
24.0000 3.6155 3.0549
25.0000 3.6419 3.1065
26.0000 3.6658 3.1587
27.0000 3.6873 3.2101
28.0000 3.7065 3.2595
29.0000 3.7236 3.3061
30.0000 3.7390 3.3497
31.0000 3.7526 3.3898
32.0000 3.7649 3.4264
33.0000 3.7759 3.4596
34.0000 3.7859 3.4897
35.0000 3.7949 3.5168
36.0000 3.8031 3.5412
37.0000 3.8105 3.5630
38.0000 3.8174 3.5827
39.0000 3.8237 3.6003
40.0000 3.8296 3.6160
41.0000 3.8350 3.6301
42.0000 3.8401 3.6428
43.0000 3.8449 3.6542
44.0000 3.8495 3.6642
45.0000 3.8538 3.6734
46.0000 3.8579 3.6815
47.0000 3.8618 3.6889
48.0000 3.8656 3.6956
49.0000 3.8692 3.7015
50.0000 3.8727 3.7069
51.0000 3.8761 3.7118
52.0000 3.8795 3.7163
53.0000 3.8827 3.7203
54.0000 3.8859 3.7241
55.0000 3.8890 3.7274
56.0000 3.8920 3.7306
57.0000 3.8950 3.7336
58.0000 3.8979 3.7362
59.0000 3.9008 3.7388
60.0000 3.9036 3.7412
61.0000 3.9064 3.7436
62.0000 3.9092 3.7458
63.0000 3.9119 3.7478
64.0000 3.9146 3.7499
65.0000 3.9173 3.7519
66.0000 3.9200 3.7538
67.0000 3.9226 3.7557
68.0000 3.9252 3.7578
69.0000 3.9277 3.7596
70.0000 3.9303 3.7615
71.0000 3.9328 3.7634
72.0000 3.9352 3.7653
73.0000 3.9377 3.7673
74.0000 3.9401 3.7691
75.0000 3.9425 3.7712
76.0000 3.9449 3.7731
77.0000 3.9473 3.7750
78.0000 3.9496 3.7771
79.0000 3.9519 3.7791
80.0000 3.9542 3.7812
