5.0000 2.8049 2.4671
6.0000 2.8724 2.5547
7.0000 2.9260 2.6222
8.0000 2.9707 2.6716
9.0000 3.0101 2.7051
10.0000 3.0468 2.7253
11.0000 3.0825 2.7346
12.0000 3.1184 2.7358
13.0000 3.1554 2.7316
14.0000 3.1938 2.7248
15.0000 3.2339 2.7181
16.0000 3.2756 2.7142
17.0000 3.3185 2.7155
18.0000 3.3621 2.7240
19.0000 3.4058 2.7411
20.0000 3.4489 2.7675
21.0000 3.4906 2.8028
22.0000 3.5304 2.8457
23.0000 3.5678 2.8949
24.0000 3.6025 2.9481
25.0000 3.6344 3.0036
26.0000 3.6636 3.0595
27.0000 3.6901 3.1143
28.0000 3.7142 3.1672
29.0000 3.7360 3.2172
30.0000 3.7558 3.2641
31.0000 3.7738 3.3076
32.0000 3.7902 3.3478
33.0000 3.8051 3.3849
34.0000 3.8188 3.4189
35.0000 3.8314 3.4501
36.0000 3.8431 3.4788
37.0000 3.8538 3.5052
38.0000 3.8638 3.5295
39.0000 3.8731 3.5519
40.0000 3.8818 3.5727
41.0000 3.8899 3.5920
42.0000 3.8975 3.6100
43.0000 3.9047 3.6268
44.0000 3.9114 3.6425
45.0000 3.9178 3.6575
46.0000 3.9238 3.6715
47.0000 3.9295 3.6847
48.0000 3.9350 3.6973
49.0000 3.9401 3.7093
50.0000 3.9450 3.7207
51.0000 3.9496 3.7317
52.0000 3.9540 3.7421
53.0000 3.9582 3.7522
54.0000 3.9622 3.7618
55.0000 3.9660 3.7712
56.0000 3.9697 3.7800
57.0000 3.9732 3.7886
58.0000 3.9765 3.7969
59.0000 3.9796 3.8049
60.0000 3.9827 3.8127
61.0000 3.9856 3.8201
62.0000 3.9883 3.8273
63.0000 3.9910 3.8343
64.0000 3.9935 3.8410
65.0000 3.9959 3.8476
66.0000 3.9982 3.8538
67.0000 4.0005 3.8599
68.0000 4.0026 3.8658
69.0000 4.0046 3.8715
70.0000 4.0066 3.8769
71.0000 4.0085 3.8822
72.0000 4.0103 3.8873
73.0000 4.0120 3.8923
74.0000 4.0136 3.8971
75.0000 4.0152 3.9017
76.0000 4.0168 3.9062
77.0000 4.0182 3.9104
78.0000 4.0196 3.9146
79.0000 4.0210 3.9186
80.0000 4.0223 3.9226
