5.0000 2.9538 2.6293
6.0000 3.0191 2.7047
7.0000 3.0720 2.7706
8.0000 3.1156 2.8272
9.0000 3.1522 2.8749
10.0000 3.1837 2.9140
11.0000 3.2115 2.9454
12.0000 3.2368 2.9693
13.0000 3.2603 2.9869
14.0000 3.2828 2.9990
15.0000 3.3048 3.0064
16.0000 3.3267 3.0101
17.0000 3.3487 3.0109
18.0000 3.3709 3.0101
19.0000 3.3936 3.0085
20.0000 3.4166 3.0069
21.0000 3.4401 3.0061
22.0000 3.4639 3.0069
23.0000 3.4879 3.0099
24.0000 3.5121 3.0155
25.0000 3.5361 3.0240
26.0000 3.5599 3.0357
27.0000 3.5834 3.0506
28.0000 3.6063 3.0686
29.0000 3.6285 3.0894
30.0000 3.6499 3.1128
31.0000 3.6705 3.1384
32.0000 3.6901 3.1657
33.0000 3.7087 3.1945
34.0000 3.7263 3.2244
35.0000 3.7428 3.2549
36.0000 3.7584 3.2858
37.0000 3.7729 3.3167
38.0000 3.7864 3.3474
39.0000 3.7990 3.3778
40.0000 3.8108 3.4076
41.0000 3.8216 3.4366
42.0000 3.8317 3.4649
43.0000 3.8409 3.4922
44.0000 3.8495 3.5187
45.0000 3.8574 3.5441
46.0000 3.8647 3.5685
47.0000 3.8714 3.5918
48.0000 3.8775 3.6141
49.0000 3.8831 3.6354
50.0000 3.8883 3.6557
51.0000 3.8930 3.6750
52.0000 3.8974 3.6934
53.0000 3.9013 3.7108
54.0000 3.9049 3.7274
55.0000 3.9082 3.7430
56.0000 3.9112 3.7577
57.0000 3.9139 3.7717
58.0000 3.9164 3.7849
59.0000 3.9186 3.7973
60.0000 3.9206 3.8091
61.0000 3.9224 3.8202
62.0000 3.9241 3.8307
63.0000 3.9255 3.8405
64.0000 3.9268 3.8497
65.0000 3.9280 3.8584
66.0000 3.9290 3.8667
67.0000 3.9299 3.8743
68.0000 3.9307 3.8815
69.0000 3.9314 3.8884
70.0000 3.9319 3.8947
71.0000 3.9324 3.9007
72.0000 3.9329 3.9063
73.0000 3.9332 3.9114
74.0000 3.9334 3.9163
75.0000 3.9336 3.9209
76.0000 3.9338 3.9251
77.0000 3.9339 3.9291
78.0000 3.9339 3.9328
79.0000 3.9339 3.9363
80.0000 3.9339 3.9393
