5.0000 2.8332 2.4467
6.0000 2.9158 2.5207
7.0000 2.9867 2.5863
8.0000 3.0487 2.6432
9.0000 3.1042 2.6917
10.0000 3.1550 2.7324
11.0000 3.2022 2.7664
12.0000 3.2469 2.7952
13.0000 3.2898 2.8207
14.0000 3.3312 2.8448
15.0000 3.3712 2.8690
16.0000 3.4099 2.8948
17.0000 3.4470 2.9233
18.0000 3.4825 2.9547
19.0000 3.5161 2.9895
20.0000 3.5477 3.0272
21.0000 3.5771 3.0673
22.0000 3.6043 3.1091
23.0000 3.6293 3.1520
24.0000 3.6522 3.1949
25.0000 3.6729 3.2374
26.0000 3.6918 3.2790
27.0000 3.7087 3.3191
28.0000 3.7241 3.3573
29.0000 3.7378 3.3937
30.0000 3.7502 3.4279
31.0000 3.7614 3.4601
32.0000 3.7714 3.4902
33.0000 3.7804 3.5182
34.0000 3.7885 3.5443
35.0000 3.7958 3.5685
36.0000 3.8023 3.5911
37.0000 3.8082 3.6119
38.0000 3.8135 3.6313
39.0000 3.8183 3.6493
40.0000 3.8226 3.6659
41.0000 3.8265 3.6813
42.0000 3.8300 3.6956
43.0000 3.8331 3.7090
44.0000 3.8360 3.7212
45.0000 3.8385 3.7326
46.0000 3.8408 3.7434
47.0000 3.8429 3.7532
48.0000 3.8447 3.7624
49.0000 3.8464 3.7710
50.0000 3.8479 3.7788
51.0000 3.8492 3.7863
52.0000 3.8504 3.7931
53.0000 3.8514 3.7995
54.0000 3.8524 3.8055
55.0000 3.8532 3.8110
56.0000 3.8539 3.8161
57.0000 3.8546 3.8210
58.0000 3.8551 3.8254
59.0000 3.8556 3.8295
60.0000 3.8560 3.8334
61.0000 3.8563 3.8370
62.0000 3.8566 3.8403
63.0000 3.8569 3.8434
64.0000 3.8571 3.8462
65.0000 3.8572 3.8489
66.0000 3.8573 3.8513
67.0000 3.8574 3.8535
68.0000 3.8574 3.8557
69.0000 3.8574 3.8575
70.0000 3.8574 3.8593
71.0000 3.8574 3.8610
72.0000 3.8573 3.8625
73.0000 3.8572 3.8639
74.0000 3.8571 3.8650
75.0000 3.8570 3.8663
76.0000 3.8569 3.8672
77.0000 3.8568 3.8682
78.0000 3.8566 3.8690
79.0000 3.8564 3.8697
80.0000 3.8563 3.8705
