5.0000 2.8466 2.5873
6.0000 2.8984 2.6414
7.0000 2.9416 2.6872
8.0000 2.9785 2.7267
9.0000 3.0108 2.7608
10.0000 3.0394 2.7904
11.0000 3.0653 2.8156
12.0000 3.0890 2.8369
13.0000 3.1112 2.8546
14.0000 3.1322 2.8689
15.0000 3.1524 2.8800
16.0000 3.1720 2.8885
17.0000 3.1913 2.8946
18.0000 3.2105 2.8991
19.0000 3.2297 2.9022
20.0000 3.2489 2.9047
21.0000 3.2682 2.9070
22.0000 3.2876 2.9096
23.0000 3.3070 2.9131
24.0000 3.3264 2.9178
25.0000 3.3458 2.9240
26.0000 3.3651 2.9319
27.0000 3.3841 2.9416
28.0000 3.4027 2.9534
29.0000 3.4210 2.9669
30.0000 3.4389 2.9822
31.0000 3.4561 2.9991
32.0000 3.4728 3.0174
33.0000 3.4889 3.0367
34.0000 3.5043 3.0569
35.0000 3.5191 3.0779
36.0000 3.5332 3.0991
37.0000 3.5466 3.1206
38.0000 3.5594 3.1421
39.0000 3.5715 3.1634
40.0000 3.5830 3.1843
41.0000 3.5939 3.2050
42.0000 3.6043 3.2252
43.0000 3.6141 3.2448
44.0000 3.6234 3.2638
45.0000 3.6323 3.2822
46.0000 3.6407 3.2999
47.0000 3.6486 3.3170
48.0000 3.6562 3.3334
49.0000 3.6634 3.3492
50.0000 3.6702 3.3644
51.0000 3.6767 3.3790
52.0000 3.6829 3.3929
53.0000 3.6889 3.4063
54.0000 3.6945 3.4191
55.0000 3.6999 3.4315
56.0000 3.7050 3.4433
57.0000 3.7099 3.4546
58.0000 3.7147 3.4655
59.0000 3.7192 3.4759
60.0000 3.7235 3.4859
61.0000 3.7276 3.4955
62.0000 3.7316 3.5047
63.0000 3.7354 3.5136
64.0000 3.7391 3.5220
65.0000 3.7426 3.5302
66.0000 3.7460 3.5382
67.0000 3.7493 3.5457
68.0000 3.7524 3.5530
69.0000 3.7555 3.5601
70.0000 3.7584 3.5668
71.0000 3.7612 3.5733
72.0000 3.7640 3.5797
73.0000 3.7666 3.5858
74.0000 3.7692 3.5916
75.0000 3.7717 3.5974
76.0000 3.7741 3.6029
77.0000 3.7764 3.6081
78.0000 3.7786 3.6133
79.0000 3.7808 3.6183
80.0000 3.7829 3.6232
