8.0000 2.8633 2.3503
10.0000 3.0440 2.4569
12.0000 3.1479 2.6388
14.0000 3.1951 2.7073
16.0000 3.2432 2.6863
18.0000 3.3438 2.6626
20.0000 3.4391 2.7639
22.0000 3.5224 2.9000
24.0000 3.5938 3.0034
26.0000 3.6534 3.1123
28.0000 3.6984 3.2273
30.0000 3.7401 3.3425
32.0000 3.7759 3.4130
34.0000 3.8000 3.4931
36.0000 3.8027 3.5457
38.0000 3.8089 3.5776
40.0000 3.8035 3.6477
42.0000 3.8221 3.6492
44.0000 3.8302 3.6982
46.0000 3.8478 3.7068
48.0000 3.8864 3.8212
50.0000 3.9027 3.8503
54.0000 3.9016 3.8428
58.0000 3.8991 3.8518
62.0000 3.9091 3.8484
66.0000 3.9046 3.8293
70.0000 3.8958 3.8134
