8.0000 3.1268 2.9621
10.0000 3.1935 3.0465
12.0000 3.2130 2.9976
14.0000 3.2515 2.9232
16.0000 3.3217 2.9494
18.0000 3.3764 2.9845
20.0000 3.4268 2.9931
22.0000 3.4769 2.9798
24.0000 3.5262 2.9931
26.0000 3.5812 3.0877
28.0000 3.6248 3.1585
30.0000 3.6720 3.2915
32.0000 3.7269 3.3373
34.0000 3.7116 3.4310
36.0000 3.7223 3.4635
38.0000 3.7279 3.4784
40.0000 3.7213 3.5494
42.0000 -1.0000 -1.0000
44.0000 -1.0000 -1.0000
46.0000 -1.0000 -1.0000
48.0000 -1.0000 -1.0000
50.0000 -1.0000 -1.0000
54.0000 -1.0000 -1.0000
58.0000 -1.0000 -1.0000
62.0000 -1.0000 -1.0000
66.0000 -1.0000 -1.0000
70.0000 -1.0000 -1.0000
