8.0000 -1.0000 -1.0000
10.0000 3.1026 2.7442
12.0000 3.1749 2.8194
14.0000 3.2383 2.8715
16.0000 3.2792 2.9103
18.0000 3.3008 2.9548
20.0000 3.3603 2.9323
22.0000 3.4151 2.9641
24.0000 3.4563 3.0020
26.0000 3.5036 3.0588
28.0000 3.5398 3.0985
30.0000 3.5716 3.1388
32.0000 3.6058 3.1689
34.0000 3.6375 3.1820
36.0000 3.6663 3.2137
38.0000 3.6879 3.2512
40.0000 3.7022 3.2943
42.0000 3.7108 3.3332
44.0000 3.7422 3.3483
46.0000 3.7566 3.3865
48.0000 3.7753 -1.0000
50.0000 -1.0000 -1.0000
54.0000 -1.0000 -1.0000
58.0000 -1.0000 -1.0000
62.0000 -1.0000 -1.0000
66.0000 -1.0000 -1.0000
70.0000 -1.0000 -1.0000
