8.0000 -1.0000 -1.0000
10.0000 3.1891 2.9572
12.0000 3.2078 2.7743
14.0000 3.3188 2.7452
16.0000 3.4560 2.7671
18.0000 3.5437 2.9787
20.0000 3.6146 3.0438
22.0000 3.6826 3.1083
24.0000 3.7367 3.2729
26.0000 3.7678 3.4389
28.0000 3.7973 3.5104
30.0000 3.8114 3.6317
32.0000 3.8138 3.6563
34.0000 3.7525 3.3808
36.0000 3.7750 3.4463
38.0000 3.7940 3.5035
40.0000 3.8559 3.7392
42.0000 3.8185 3.5456
44.0000 3.8343 3.5670
46.0000 3.8396 3.6266
48.0000 3.8477 -1.0000
50.0000 -1.0000 -1.0000
54.0000 -1.0000 -1.0000
58.0000 -1.0000 -1.0000
62.0000 -1.0000 -1.0000
66.0000 -1.0000 -1.0000
70.0000 -1.0000 -1.0000
