8.0000 3.0526 2.8852
10.0000 3.0378 2.9010
12.0000 3.0822 2.9400
14.0000 3.0508 2.9595
16.0000 3.0530 2.9459
18.0000 3.0892 2.8507
20.0000 3.1502 2.7664
22.0000 3.1929 2.7596
24.0000 3.2357 2.7609
26.0000 3.2923 2.7716
28.0000 3.3373 2.7796
30.0000 3.3790 2.8136
32.0000 3.4341 2.8527
34.0000 3.4824 2.9095
36.0000 3.5074 2.9366
38.0000 3.5296 2.9674
40.0000 3.5695 3.0399
42.0000 -1.0000 -1.0000
44.0000 -1.0000 -1.0000
46.0000 -1.0000 -1.0000
48.0000 -1.0000 -1.0000
50.0000 -1.0000 -1.0000
54.0000 -1.0000 -1.0000
58.0000 -1.0000 -1.0000
62.0000 -1.0000 -1.0000
66.0000 -1.0000 -1.0000
70.0000 -1.0000 -1.0000
