8.0000 -1.0000 -1.0000
10.0000 -1.0000 -1.0000
12.0000 3.2856 -1.0000
14.0000 3.3701 -1.0000
16.0000 3.4464 2.9362
18.0000 3.5034 3.0057
20.0000 3.5495 3.1047
22.0000 3.5945 3.1882
24.0000 3.6326 3.2606
26.0000 3.6661 3.3338
28.0000 3.6927 3.4128
30.0000 3.7123 3.4583
32.0000 3.7363 3.4777
34.0000 3.8351 3.5298
36.0000 3.8332 3.5636
38.0000 3.8354 3.5981
40.0000 3.7985 3.5733
42.0000 3.8339 3.6437
44.0000 3.8361 3.6469
46.0000 3.8313 -1.0000
48.0000 -1.0000 -1.0000
50.0000 -1.0000 -1.0000
54.0000 -1.0000 -1.0000
58.0000 -1.0000 -1.0000
62.0000 -1.0000 -1.0000
66.0000 -1.0000 -1.0000
70.0000 -1.0000 -1.0000
