8.0000 3.2167 3.0855
10.0000 3.2378 3.1734
12.0000 3.2527 3.2733
14.0000 3.2448 3.1444
16.0000 3.2720 2.9973
18.0000 3.3225 2.9670
20.0000 3.4090 2.9632
22.0000 3.4946 3.0008
24.0000 3.5514 3.0031
26.0000 3.6029 3.0648
28.0000 3.6476 3.0984
30.0000 3.6741 3.1414
32.0000 3.7098 3.1963
34.0000 3.7217 3.2640
36.0000 3.7208 3.3579
38.0000 3.7391 3.4311
40.0000 3.7496 3.4480
42.0000 3.7630 3.5468
44.0000 3.7891 3.6713
46.0000 3.7980 3.7263
48.0000 3.8461 3.7058
50.0000 3.8617 3.8097
54.0000 3.8709 3.8572
58.0000 3.8646 3.9009
62.0000 3.8519 3.9274
66.0000 3.8541 3.9543
70.0000 3.8477 3.9687
