8.0000 3.1694 -1.0000
10.0000 3.1681 3.0188
12.0000 3.2130 3.0095
14.0000 3.2742 2.9492
16.0000 3.3327 2.9320
18.0000 3.3993 2.8712
20.0000 3.4700 2.8806
22.0000 3.5412 2.9465
24.0000 3.5991 3.0447
26.0000 3.6491 3.1356
28.0000 3.6908 3.2490
30.0000 3.7216 3.3538
32.0000 3.7474 3.4132
34.0000 3.7711 3.4600
36.0000 3.7909 3.5125
38.0000 3.8011 3.5684
40.0000 3.8218 3.6077
42.0000 3.8328 3.6330
44.0000 3.8392 3.6547
46.0000 3.8480 3.6810
48.0000 3.8467 3.7105
50.0000 3.8540 3.7324
54.0000 3.8633 3.7572
58.0000 -1.0000 -1.0000
62.0000 -1.0000 -1.0000
66.0000 -1.0000 -1.0000
70.0000 -1.0000 -1.0000
