8.0000 3.1462 2.8507
10.0000 3.1926 3.0028
12.0000 3.2267 3.0413
14.0000 3.2613 3.1056
16.0000 3.2847 3.0714
18.0000 3.3046 3.0201
20.0000 3.3455 2.9775
22.0000 3.3886 2.9215
24.0000 3.4418 2.9208
26.0000 3.4940 2.9481
28.0000 3.5449 2.9661
30.0000 3.5956 2.9973
32.0000 3.6426 3.0154
34.0000 3.7222 3.1378
36.0000 3.7546 3.1863
38.0000 3.7836 3.2351
40.0000 3.8166 3.2687
42.0000 -1.0000 -1.0000
44.0000 -1.0000 -1.0000
46.0000 -1.0000 -1.0000
48.0000 -1.0000 -1.0000
50.0000 -1.0000 -1.0000
54.0000 -1.0000 -1.0000
58.0000 -1.0000 -1.0000
62.0000 -1.0000 -1.0000
66.0000 -1.0000 -1.0000
70.0000 -1.0000 -1.0000
