8.0000 -1.0000 -1.0000
10.0000 -1.0000 -1.0000
12.0000 -1.0000 -1.0000
14.0000 3.0915 -1.0000
16.0000 3.0884 -1.0000
18.0000 3.2158 -1.0000
20.0000 3.3267 2.9184
22.0000 3.4178 2.8584
24.0000 3.4869 2.8767
26.0000 3.5384 2.9385
28.0000 3.5753 3.0303
30.0000 3.6158 3.1000
32.0000 3.6344 3.1248
34.0000 3.6717 3.2010
36.0000 3.6963 3.2716
38.0000 3.7040 3.3194
40.0000 3.7381 3.3520
42.0000 3.7616 3.4302
44.0000 3.7950 3.4825
46.0000 3.8265 3.5389
48.0000 3.8591 3.6068
50.0000 3.8800 3.6453
54.0000 3.8961 3.6769
58.0000 3.9077 3.7355
62.0000 3.9167 3.7682
66.0000 3.9218 3.8046
70.0000 3.9246 3.8225
