8.0000 3.2020 3.0327
10.0000 3.2631 3.0708
12.0000 3.3199 3.0936
14.0000 3.3385 3.0079
16.0000 3.3851 2.9964
18.0000 3.4323 3.0085
20.0000 3.4947 3.0373
22.0000 3.5506 3.0352
24.0000 3.6052 3.0913
26.0000 3.6583 3.1173
28.0000 3.7032 3.1539
30.0000 3.7422 3.2393
32.0000 3.7759 3.2809
34.0000 3.8119 3.3131
36.0000 3.8390 3.3997
38.0000 3.8592 3.4544
40.0000 3.8828 3.5287
42.0000 3.9063 3.5884
44.0000 3.9321 3.6091
46.0000 3.9587 3.6582
48.0000 3.9404 3.7179
50.0000 3.9449 3.7706
54.0000 3.9517 3.8291
58.0000 3.9584 3.8643
62.0000 3.9627 3.8979
66.0000 3.9659 3.9136
70.0000 3.9672 3.9284
