8.0000 3.0848 2.9386
10.0000 3.1330 2.8818
12.0000 3.1842 3.0386
14.0000 3.2546 3.0695
16.0000 3.2601 3.1241
18.0000 3.2729 3.1278
20.0000 3.2884 3.0638
22.0000 3.3208 3.0464
24.0000 3.3492 3.0135
26.0000 3.3900 2.9796
28.0000 3.4330 2.9661
30.0000 3.4685 2.9550
32.0000 3.5113 2.9443
34.0000 3.5533 2.9747
36.0000 3.5907 3.0342
38.0000 3.6189 3.0710
40.0000 3.6693 3.1284
42.0000 3.6931 3.2008
44.0000 3.7252 3.2408
46.0000 3.7551 3.3112
48.0000 3.7796 3.3562
50.0000 3.7852 3.4265
54.0000 3.8043 3.5294
58.0000 3.8266 3.5801
62.0000 3.8411 3.6342
66.0000 3.8536 3.6797
70.0000 3.8684 3.7010
