8.0000 3.1324 2.9698
10.0000 3.1659 3.0807
12.0000 3.1853 3.0715
14.0000 3.2025 2.9923
16.0000 3.2460 2.9791
18.0000 3.3023 2.8949
20.0000 3.3600 2.8305
22.0000 3.4219 2.8255
24.0000 3.4822 2.8562
26.0000 3.5474 2.9124
28.0000 3.6051 2.9819
30.0000 3.6603 3.1013
32.0000 3.6965 3.1995
34.0000 3.7233 3.3049
36.0000 3.7404 3.3878
38.0000 3.7611 3.4169
40.0000 3.7808 3.4508
42.0000 3.7961 3.4799
44.0000 3.8265 3.5120
46.0000 3.8404 3.5428
48.0000 3.8413 3.6154
50.0000 3.8342 3.6395
54.0000 3.8417 3.6764
58.0000 3.8512 3.6981
62.0000 3.8583 3.7326
66.0000 3.8634 3.7523
70.0000 -1.0000 3.7708
