8.0000 3.0088 2.8136
10.0000 3.0769 2.8398
12.0000 3.1219 2.8889
14.0000 3.1578 2.8185
16.0000 3.1987 2.8061
18.0000 3.2513 2.8279
20.0000 3.3103 2.8323
22.0000 3.3661 2.8184
24.0000 3.4233 2.8453
26.0000 3.4796 2.8801
28.0000 3.5378 2.9100
30.0000 3.6012 2.9438
32.0000 3.6543 2.9979
34.0000 3.6893 3.0641
36.0000 3.7318 3.1260
38.0000 3.7747 3.2337
40.0000 3.8018 3.3067
42.0000 -1.0000 -1.0000
44.0000 -1.0000 -1.0000
46.0000 -1.0000 -1.0000
48.0000 -1.0000 -1.0000
50.0000 -1.0000 -1.0000
54.0000 -1.0000 -1.0000
58.0000 -1.0000 -1.0000
62.0000 -1.0000 -1.0000
66.0000 -1.0000 -1.0000
70.0000 -1.0000 -1.0000
