8.0000 -1.0000 -1.0000
10.0000 -1.0000 -1.0000
12.0000 -1.0000 -1.0000
14.0000 3.2719 2.9944
16.0000 3.3230 2.9774
18.0000 3.3726 2.9848
20.0000 3.4239 2.9841
22.0000 3.4763 2.9896
24.0000 3.5326 3.0121
26.0000 3.5807 3.0370
28.0000 -1.0000 3.0752
30.0000 3.6596 3.1300
32.0000 3.6960 3.1911
34.0000 3.7263 3.2654
36.0000 3.7506 3.3324
38.0000 3.7660 3.3934
40.0000 3.7899 3.4517
42.0000 3.8070 3.5151
44.0000 3.8275 -1.0000
46.0000 3.8484 -1.0000
48.0000 3.8638 -1.0000
50.0000 -1.0000 -1.0000
54.0000 -1.0000 -1.0000
58.0000 -1.0000 -1.0000
62.0000 -1.0000 -1.0000
66.0000 -1.0000 -1.0000
70.0000 -1.0000 -1.0000
