8.0000 2.8309 2.4845
10.0000 2.9701 2.3921
12.0000 3.0450 2.5205
14.0000 3.1498 2.5380
16.0000 3.2859 2.5694
18.0000 3.3909 2.6535
20.0000 3.4746 2.8113
22.0000 3.5507 2.9230
24.0000 3.6101 3.0957
26.0000 3.6513 3.2616
28.0000 3.6809 3.3905
30.0000 3.7075 3.4189
32.0000 3.7260 3.4378
34.0000 3.7504 3.5126
36.0000 3.7606 3.4997
38.0000 3.7685 3.5434
40.0000 3.7827 3.6035
42.0000 3.8040 3.6214
44.0000 3.8145 3.6541
46.0000 3.8200 3.6888
48.0000 3.8472 3.5947
50.0000 3.8475 3.6322
54.0000 3.8482 3.6308
58.0000 3.8627 3.6216
62.0000 3.8851 3.6460
66.0000 3.8988 3.6658
70.0000 3.9142 3.6871
