8.0000 3.2325 3.0187
10.0000 3.2973 3.0573
12.0000 3.3150 3.0759
14.0000 3.3683 2.9324
16.0000 3.4412 2.9022
18.0000 3.5359 2.9083
20.0000 3.6181 3.0265
22.0000 3.6814 3.2327
24.0000 3.7204 3.4492
26.0000 3.7452 3.5698
28.0000 3.7714 3.5910
30.0000 3.7892 3.5582
32.0000 3.8036 3.6319
34.0000 3.8281 3.6467
36.0000 3.8362 3.7352
38.0000 3.8259 3.8470
40.0000 3.8277 3.8243
42.0000 3.8239 3.8430
44.0000 3.8222 3.8307
46.0000 3.8344 3.8533
48.0000 3.8430 3.7525
50.0000 3.8511 3.7651
54.0000 3.8566 3.7700
58.0000 3.8674 3.7547
62.0000 3.8727 3.7384
66.0000 3.8835 3.7232
70.0000 3.8935 3.7127
