8.0000 3.2306 3.0874
10.0000 3.2908 3.0199
12.0000 3.3579 2.9831
14.0000 3.4125 2.9732
16.0000 3.4926 2.9203
18.0000 3.5761 2.9742
20.0000 3.6536 3.1778
22.0000 3.7114 3.2722
24.0000 3.7500 3.3537
26.0000 3.7805 3.4463
28.0000 3.8112 3.5703
30.0000 3.8350 3.6687
32.0000 3.8474 3.6840
34.0000 3.8453 3.7236
36.0000 3.8425 3.7389
38.0000 3.8564 3.7275
40.0000 3.8671 3.7288
42.0000 3.8787 3.7140
44.0000 3.9106 3.7199
46.0000 3.9202 3.7152
48.0000 3.9423 3.8303
50.0000 3.9292 3.8647
54.0000 3.9193 3.9070
58.0000 3.9130 3.9090
62.0000 3.9142 3.9171
66.0000 3.9190 3.8950
70.0000 3.9196 3.9067
