8.0000 3.0917 2.9891
10.0000 3.0913 2.9703
12.0000 3.1444 2.8519
14.0000 3.1976 2.8656
16.0000 3.2550 2.9175
18.0000 3.3124 2.8742
20.0000 3.3728 2.8991
22.0000 3.4427 2.9651
24.0000 3.5020 3.0410
26.0000 3.5482 3.0512
28.0000 3.5880 3.0908
30.0000 3.6329 3.1675
32.0000 3.6679 3.2161
34.0000 3.6742 3.3293
36.0000 3.6937 3.3328
38.0000 3.7068 3.3774
40.0000 3.7257 3.4632
42.0000 -1.0000 -1.0000
44.0000 -1.0000 -1.0000
46.0000 -1.0000 -1.0000
48.0000 -1.0000 -1.0000
50.0000 -1.0000 -1.0000
54.0000 -1.0000 -1.0000
58.0000 -1.0000 -1.0000
62.0000 -1.0000 -1.0000
66.0000 -1.0000 -1.0000
70.0000 -1.0000 -1.0000
