8.0000 -1.0000 -1.0000
10.0000 3.1448 -1.0000
12.0000 3.1489 2.6128
14.0000 3.3112 2.6532
16.0000 3.4324 2.6859
18.0000 3.5272 2.8643
20.0000 3.6035 2.9808
22.0000 3.6637 3.1116
24.0000 3.7190 3.2484
26.0000 3.7546 3.4382
28.0000 3.7767 3.5324
30.0000 3.7942 3.6307
32.0000 3.8004 3.6391
34.0000 3.7643 3.3833
36.0000 3.7755 3.4284
38.0000 3.7909 3.5080
40.0000 3.8394 3.7374
42.0000 3.8228 3.5618
44.0000 3.8297 3.6149
46.0000 3.8435 3.6020
48.0000 -1.0000 -1.0000
50.0000 -1.0000 -1.0000
54.0000 -1.0000 -1.0000
58.0000 -1.0000 -1.0000
62.0000 -1.0000 -1.0000
66.0000 -1.0000 -1.0000
70.0000 -1.0000 -1.0000
