8.0000 3.0609 3.0784
10.0000 3.1248 3.0678
12.0000 3.0977 3.0342
14.0000 3.1249 3.0131
16.0000 3.1448 2.9899
18.0000 3.1166 2.8486
20.0000 3.1410 2.8289
22.0000 3.1567 2.8677
24.0000 3.1660 2.8742
26.0000 3.1990 2.8457
28.0000 3.2222 2.8580
30.0000 3.2578 2.7982
32.0000 3.2939 2.7608
34.0000 3.3495 2.7089
36.0000 3.4039 2.7219
38.0000 3.4485 2.7487
40.0000 3.5009 2.7769
42.0000 -1.0000 -1.0000
44.0000 -1.0000 -1.0000
46.0000 -1.0000 -1.0000
48.0000 -1.0000 -1.0000
50.0000 -1.0000 -1.0000
54.0000 -1.0000 -1.0000
58.0000 -1.0000 -1.0000
62.0000 -1.0000 -1.0000
66.0000 -1.0000 -1.0000
70.0000 -1.0000 -1.0000
