8.0000 3.0865 2.8741
10.0000 3.1363 2.9392
12.0000 3.2044 2.9226
14.0000 3.2644 2.9312
16.0000 3.3096 2.9631
18.0000 3.3611 2.9526
20.0000 3.4071 2.9465
22.0000 3.4594 2.9825
24.0000 3.5089 3.0080
26.0000 3.5561 3.0504
28.0000 3.5992 3.1037
30.0000 3.6365 3.1783
32.0000 3.6689 3.1668
34.0000 3.6815 3.2180
36.0000 3.7035 3.2826
38.0000 3.7369 3.3220
40.0000 3.7682 3.3441
42.0000 -1.0000 -1.0000
44.0000 -1.0000 -1.0000
46.0000 -1.0000 -1.0000
48.0000 -1.0000 -1.0000
50.0000 -1.0000 -1.0000
54.0000 -1.0000 -1.0000
58.0000 -1.0000 -1.0000
62.0000 -1.0000 -1.0000
66.0000 -1.0000 -1.0000
70.0000 -1.0000 -1.0000
