8.0000 3.2498 3.2584
10.0000 3.2797 3.2220
12.0000 3.2750 3.1624
14.0000 3.2970 3.0439
16.0000 3.3412 3.0742
18.0000 3.3801 3.0924
20.0000 3.4199 3.0516
22.0000 3.4662 2.9840
24.0000 3.5170 2.9506
26.0000 3.5730 2.9732
28.0000 3.6295 3.0716
30.0000 3.6835 3.1179
32.0000 3.7247 3.2244
34.0000 3.7752 3.2825
36.0000 3.8148 3.2594
38.0000 3.8458 3.2662
40.0000 3.8828 3.2865
42.0000 3.9039 3.3345
44.0000 3.9069 3.3749
46.0000 3.9513 3.4394
48.0000 3.9700 3.5060
50.0000 3.9888 3.5919
54.0000 4.0139 3.6875
58.0000 4.0426 3.7592
62.0000 4.0769 3.8176
66.0000 4.1036 3.8541
70.0000 4.1319 3.8707
