8.0000 3.0440 2.9081
10.0000 3.0691 2.9532
12.0000 3.1100 2.9955
14.0000 3.1151 2.8963
16.0000 3.1605 2.8132
18.0000 3.2090 2.8363
20.0000 3.2560 2.8733
22.0000 3.3103 2.8947
24.0000 3.3703 2.8660
26.0000 3.4204 2.8620
28.0000 3.4743 2.9220
30.0000 3.5213 2.9711
32.0000 3.5640 3.0479
34.0000 3.5893 3.2095
36.0000 3.6207 3.2121
38.0000 3.6434 3.2426
40.0000 3.6769 3.2293
42.0000 -1.0000 -1.0000
44.0000 -1.0000 -1.0000
46.0000 -1.0000 -1.0000
48.0000 -1.0000 -1.0000
50.0000 -1.0000 -1.0000
54.0000 -1.0000 -1.0000
58.0000 -1.0000 -1.0000
62.0000 -1.0000 -1.0000
66.0000 -1.0000 -1.0000
70.0000 -1.0000 -1.0000
