8.0000 3.1522 3.0472
10.0000 3.1579 3.1359
12.0000 3.1784 3.1437
14.0000 3.2067 3.1170
16.0000 3.2095 3.0992
18.0000 3.2308 3.0004
20.0000 3.2638 2.9490
22.0000 3.3019 2.9752
24.0000 3.3382 2.9611
26.0000 3.3772 2.8994
28.0000 3.4196 2.9183
30.0000 3.4540 2.9418
32.0000 3.5073 2.9431
34.0000 3.5711 2.9576
36.0000 3.6185 3.0096
38.0000 3.6653 2.9996
40.0000 3.7032 3.0668
42.0000 -1.0000 -1.0000
44.0000 -1.0000 -1.0000
46.0000 -1.0000 -1.0000
48.0000 -1.0000 -1.0000
50.0000 -1.0000 -1.0000
54.0000 -1.0000 -1.0000
58.0000 -1.0000 -1.0000
62.0000 -1.0000 -1.0000
66.0000 -1.0000 -1.0000
70.0000 -1.0000 -1.0000
