8.0000 3.1755 3.0721
10.0000 3.1649 3.1780
12.0000 3.1777 3.1931
14.0000 3.1665 3.1620
16.0000 3.1767 3.1208
18.0000 3.1874 3.0110
20.0000 3.2134 2.9400
22.0000 3.2458 2.8723
24.0000 3.2872 2.8057
26.0000 3.3293 2.7850
28.0000 3.3742 2.7263
30.0000 3.4129 2.7023
32.0000 3.4839 2.7007
34.0000 3.5281 2.8048
36.0000 3.5958 2.8491
38.0000 3.6558 2.9250
40.0000 3.6971 3.0107
42.0000 3.7264 3.1236
44.0000 3.7578 3.1873
46.0000 3.7681 3.1945
48.0000 3.8483 3.3630
50.0000 3.8870 3.4279
54.0000 3.9231 3.5460
58.0000 3.9474 3.6262
62.0000 3.9636 3.6831
66.0000 3.9849 3.7077
70.0000 3.9847 3.7239
