8.0000 -1.0000 -1.0000
10.0000 3.1775 2.9341
12.0000 3.1813 2.7438
14.0000 3.2273 2.6927
16.0000 3.3792 2.6609
18.0000 3.5229 2.8106
20.0000 3.6112 2.9433
22.0000 3.6725 3.0792
24.0000 3.7205 3.2528
26.0000 3.7673 3.3379
28.0000 3.8096 3.4030
30.0000 3.8358 3.5065
32.0000 3.8389 3.6083
34.0000 3.7997 -1.0000
36.0000 3.8137 3.4287
38.0000 3.8166 3.4634
40.0000 3.8644 3.7316
42.0000 3.8310 3.5659
44.0000 3.8373 3.5887
46.0000 3.8371 3.6168
48.0000 -1.0000 -1.0000
50.0000 -1.0000 -1.0000
54.0000 -1.0000 -1.0000
58.0000 -1.0000 -1.0000
62.0000 -1.0000 -1.0000
66.0000 -1.0000 -1.0000
70.0000 -1.0000 -1.0000
