8.0000 3.1216 2.8535
10.0000 3.1050 2.9125
12.0000 3.1228 2.8587
14.0000 3.1470 2.8956
16.0000 3.1824 2.8641
18.0000 3.2367 2.8387
20.0000 3.2875 2.8400
22.0000 3.3410 2.8643
24.0000 3.4095 2.8551
26.0000 3.4574 2.8735
28.0000 3.4952 2.9854
30.0000 3.5321 3.0650
32.0000 3.5795 3.1268
34.0000 3.6276 3.1934
36.0000 3.6579 3.2514
38.0000 3.6983 3.3855
40.0000 3.7191 3.3834
42.0000 3.7310 3.4500
44.0000 3.7661 3.4760
46.0000 3.7879 3.4854
48.0000 3.8415 3.5191
50.0000 3.8522 3.6406
54.0000 3.8606 3.6914
58.0000 3.8737 3.7301
62.0000 3.8784 -1.0000
66.0000 -1.0000 -1.0000
70.0000 -1.0000 -1.0000
