8.0000 -1.0000 -1.0000
10.0000 2.8484 -1.0000
12.0000 2.8668 2.5456
14.0000 2.9144 2.5315
16.0000 3.0130 2.5372
18.0000 3.1075 2.5779
20.0000 3.1568 2.5694
22.0000 3.2234 2.5868
24.0000 3.3015 2.6151
26.0000 3.3947 2.6481
28.0000 3.4792 2.6709
30.0000 3.5635 2.8007
32.0000 3.6276 2.8459
34.0000 3.6800 2.9687
36.0000 3.7145 3.0687
38.0000 3.7585 3.1824
40.0000 3.7897 3.2754
42.0000 3.8054 3.3697
44.0000 3.8389 3.4034
46.0000 3.8610 3.4683
48.0000 3.8561 3.5066
50.0000 3.8716 3.5661
54.0000 3.8896 3.6537
58.0000 3.9023 3.7426
62.0000 3.9089 3.7703
66.0000 3.9066 3.7958
70.0000 3.8927 3.8094
