8.0000 3.2070 -1.0000
10.0000 3.2459 3.0922
12.0000 3.2647 3.0717
14.0000 3.2954 3.0427
16.0000 3.3205 3.0413
18.0000 3.3729 3.0051
20.0000 3.4253 2.9662
22.0000 3.4559 2.9734
24.0000 3.5309 2.9893
26.0000 3.5810 3.0083
28.0000 3.6289 3.0605
30.0000 3.6745 3.1293
32.0000 3.7139 3.2000
34.0000 3.7507 3.2860
36.0000 3.7751 3.3544
38.0000 3.7940 3.4242
40.0000 3.8154 3.4864
42.0000 3.8262 3.5428
44.0000 3.8305 -1.0000
46.0000 3.8459 -1.0000
48.0000 -1.0000 -1.0000
50.0000 -1.0000 -1.0000
54.0000 -1.0000 -1.0000
58.0000 -1.0000 -1.0000
62.0000 -1.0000 -1.0000
66.0000 -1.0000 -1.0000
70.0000 -1.0000 -1.0000
