8.0000 3.0671 2.9168
10.0000 3.0784 2.9267
12.0000 3.1375 2.9070
14.0000 3.1846 2.9215
16.0000 3.2213 2.9441
18.0000 3.1832 2.9417
20.0000 3.1974 2.9161
22.0000 3.2279 2.9731
24.0000 3.2578 2.9380
26.0000 3.2958 2.8854
28.0000 3.3265 2.8935
30.0000 3.3566 2.9238
32.0000 3.3836 2.9183
34.0000 3.4175 2.8439
36.0000 3.4642 2.8341
38.0000 3.5131 2.8138
40.0000 3.5405 2.8513
42.0000 3.5667 2.8985
44.0000 3.5780 2.8741
46.0000 3.6191 2.8634
48.0000 3.6055 2.9349
50.0000 3.6407 3.0468
54.0000 3.7202 3.1391
58.0000 3.7776 3.2363
62.0000 3.8248 3.3042
66.0000 3.8658 3.3814
70.0000 3.8982 3.4499
