8.0000 3.2406 3.0885
10.0000 3.2754 3.1214
12.0000 3.3255 3.1932
14.0000 3.3672 3.1569
16.0000 3.3899 3.0780
18.0000 3.4222 3.0566
20.0000 3.4577 3.0546
22.0000 3.5078 3.1123
24.0000 3.5675 3.0829
26.0000 3.6199 3.0353
28.0000 3.6765 3.0527
30.0000 3.7311 3.1005
32.0000 3.7834 3.1327
34.0000 3.8289 3.2301
36.0000 3.8696 3.3356
38.0000 3.9092 3.4370
40.0000 3.9317 3.4796
42.0000 -1.0000 -1.0000
44.0000 -1.0000 -1.0000
46.0000 -1.0000 -1.0000
48.0000 -1.0000 -1.0000
50.0000 -1.0000 -1.0000
54.0000 -1.0000 -1.0000
58.0000 -1.0000 -1.0000
62.0000 -1.0000 -1.0000
66.0000 -1.0000 -1.0000
70.0000 -1.0000 -1.0000
