8.0000 3.0748 2.9334
10.0000 3.1286 2.9288
12.0000 3.1711 2.9004
14.0000 3.2165 2.9002
16.0000 3.2791 2.8342
18.0000 3.3489 2.7733
20.0000 3.4331 2.8435
22.0000 3.5008 2.9575
24.0000 3.5527 3.0212
26.0000 3.5920 3.1335
28.0000 3.6151 3.2132
30.0000 3.6450 3.2906
32.0000 3.6858 3.3647
34.0000 3.7182 3.4128
36.0000 3.7447 3.4617
38.0000 3.7489 3.5422
40.0000 3.7480 3.5364
42.0000 -1.0000 -1.0000
44.0000 -1.0000 -1.0000
46.0000 -1.0000 -1.0000
48.0000 -1.0000 -1.0000
50.0000 -1.0000 -1.0000
54.0000 -1.0000 -1.0000
58.0000 -1.0000 -1.0000
62.0000 -1.0000 -1.0000
66.0000 -1.0000 -1.0000
70.0000 -1.0000 -1.0000
