8.0000 3.0982 2.8903
10.0000 3.1220 2.7458
12.0000 3.2274 2.6332
14.0000 3.3756 2.6820
16.0000 3.4817 2.7448
18.0000 3.5810 2.9089
20.0000 3.6524 3.1188
22.0000 3.7020 3.3361
24.0000 3.7376 3.4721
26.0000 3.7574 3.6241
28.0000 3.7773 3.6961
30.0000 3.7906 3.7674
32.0000 3.7856 3.7536
34.0000 3.7647 3.4034
36.0000 3.7706 3.4778
38.0000 3.7827 3.5627
40.0000 3.8210 3.8104
42.0000 3.7985 3.6295
44.0000 3.8125 3.6218
46.0000 3.8359 3.6485
48.0000 -1.0000 -1.0000
50.0000 -1.0000 -1.0000
54.0000 -1.0000 -1.0000
58.0000 -1.0000 -1.0000
62.0000 -1.0000 -1.0000
66.0000 -1.0000 -1.0000
70.0000 -1.0000 -1.0000
