8.0000 2.9342 2.4060
10.0000 3.0497 2.6170
12.0000 3.1441 2.7446
14.0000 3.2331 2.8730
16.0000 3.3003 2.9108
18.0000 3.3593 2.8582
20.0000 3.4354 2.8708
22.0000 3.4953 2.9526
24.0000 3.5514 2.9983
26.0000 3.6102 3.0274
28.0000 3.6664 3.0810
30.0000 3.7150 3.1116
32.0000 3.7785 3.1338
34.0000 3.8417 3.3100
36.0000 3.8794 3.4069
38.0000 3.9153 3.4993
40.0000 3.9443 3.5713
42.0000 -1.0000 -1.0000
44.0000 -1.0000 -1.0000
46.0000 -1.0000 -1.0000
48.0000 -1.0000 -1.0000
50.0000 -1.0000 -1.0000
54.0000 -1.0000 -1.0000
58.0000 -1.0000 -1.0000
62.0000 -1.0000 -1.0000
66.0000 -1.0000 -1.0000
70.0000 -1.0000 -1.0000
