8.0000 3.0946 2.9331
10.0000 3.1392 2.8996
12.0000 3.1984 2.8826
14.0000 3.2801 2.8871
16.0000 3.3491 2.9154
18.0000 3.4046 2.9176
20.0000 3.4703 2.9699
22.0000 3.5361 2.9875
24.0000 3.5920 3.0035
26.0000 3.6514 3.0852
28.0000 3.7080 3.1428
30.0000 3.7496 3.2032
32.0000 3.7945 3.2590
34.0000 3.7684 3.3369
36.0000 3.7936 3.3557
38.0000 3.8239 3.3933
40.0000 3.8466 3.4476
42.0000 -1.0000 -1.0000
44.0000 -1.0000 -1.0000
46.0000 -1.0000 -1.0000
48.0000 -1.0000 -1.0000
50.0000 -1.0000 -1.0000
54.0000 -1.0000 -1.0000
58.0000 -1.0000 -1.0000
62.0000 -1.0000 -1.0000
66.0000 -1.0000 -1.0000
70.0000 -1.0000 -1.0000
