8.0000 3.1412 2.9939
10.0000 3.1881 3.0141
12.0000 3.2440 3.0062
14.0000 3.2914 2.9887
16.0000 3.3375 2.9659
18.0000 3.3914 2.9802
20.0000 3.4376 2.9991
22.0000 3.4859 3.0145
24.0000 3.5391 3.0315
26.0000 3.5799 3.0647
28.0000 3.6241 3.1177
30.0000 3.6640 3.1587
32.0000 3.6978 3.2214
34.0000 3.7274 3.2857
36.0000 3.7534 3.3385
38.0000 3.7747 3.3884
40.0000 3.7937 3.4384
42.0000 3.8090 3.4884
44.0000 3.8231 3.5434
46.0000 3.8382 3.5749
48.0000 3.8505 3.6087
50.0000 3.8600 3.6535
54.0000 3.8753 3.7112
58.0000 3.8878 3.7576
62.0000 3.8974 3.7829
66.0000 3.9061 3.7985
70.0000 3.9087 3.8087
