8.0000 3.0747 3.0344
10.0000 3.0882 3.0468
12.0000 3.0928 3.0617
14.0000 3.1031 3.1067
16.0000 3.1301 3.0441
18.0000 3.1114 2.9769
20.0000 3.1273 2.9467
22.0000 3.1303 2.9462
24.0000 3.1521 2.9177
26.0000 3.1784 2.8926
28.0000 3.2013 2.8391
30.0000 3.2460 2.8183
32.0000 3.2734 2.7794
34.0000 3.3087 2.7531
36.0000 3.3533 2.7502
38.0000 3.4120 2.7779
40.0000 3.3843 2.7799
42.0000 3.4759 2.8231
44.0000 3.5710 2.8507
46.0000 3.6230 2.8943
48.0000 3.6767 2.9390
50.0000 3.7123 3.0428
54.0000 3.7563 3.1879
58.0000 3.7961 3.3193
62.0000 3.8221 3.4074
66.0000 3.8388 3.4903
70.0000 3.8417 3.5417
