8.0000 3.0173 2.7501
10.0000 3.0883 2.8328
12.0000 3.1634 2.8229
14.0000 3.2183 2.8671
16.0000 3.2606 2.9160
18.0000 3.3142 2.9152
20.0000 3.3675 2.9092
22.0000 3.4178 2.9453
24.0000 3.4647 2.9277
26.0000 3.5192 2.9560
28.0000 3.5732 2.9580
30.0000 3.6292 3.0333
32.0000 3.6826 3.0819
34.0000 3.7360 3.0937
36.0000 3.7705 3.2011
38.0000 3.8220 3.2689
40.0000 3.8703 3.3627
42.0000 -1.0000 -1.0000
44.0000 -1.0000 -1.0000
46.0000 -1.0000 -1.0000
48.0000 -1.0000 -1.0000
50.0000 -1.0000 -1.0000
54.0000 -1.0000 -1.0000
58.0000 -1.0000 -1.0000
62.0000 -1.0000 -1.0000
66.0000 -1.0000 -1.0000
70.0000 -1.0000 -1.0000
