8.0000 2.9241 2.4711
10.0000 3.0427 2.6623
12.0000 3.1558 2.7996
14.0000 3.2180 2.8128
16.0000 3.2791 2.8620
18.0000 3.3428 2.8784
20.0000 3.4018 2.9088
22.0000 3.4653 2.9181
24.0000 3.5246 2.9082
26.0000 3.5862 2.9583
28.0000 3.6418 3.0015
30.0000 3.6858 3.0700
32.0000 3.7365 3.0806
34.0000 3.8087 3.2064
36.0000 3.8478 3.2921
38.0000 3.8909 3.3537
40.0000 3.9061 3.3853
42.0000 -1.0000 -1.0000
44.0000 -1.0000 -1.0000
46.0000 -1.0000 -1.0000
48.0000 -1.0000 -1.0000
50.0000 -1.0000 -1.0000
54.0000 -1.0000 -1.0000
58.0000 -1.0000 -1.0000
62.0000 -1.0000 -1.0000
66.0000 -1.0000 -1.0000
70.0000 -1.0000 -1.0000
