8.0000 3.0065 2.6430
10.0000 3.1046 2.7146
12.0000 3.2019 2.7821
14.0000 3.2908 2.7943
16.0000 3.3369 2.9402
18.0000 3.4301 2.8059
20.0000 3.4913 2.7806
22.0000 3.5925 2.8438
24.0000 3.6785 3.0868
26.0000 3.7107 3.2770
28.0000 3.7411 3.3344
30.0000 3.7845 3.3386
32.0000 3.8168 3.3290
34.0000 3.8173 3.3864
36.0000 3.8466 3.4553
38.0000 3.8666 3.5247
40.0000 3.9146 3.5340
42.0000 3.9100 3.5296
44.0000 3.9246 3.6065
46.0000 3.9135 3.6574
48.0000 3.8794 3.6437
50.0000 -1.0000 -1.0000
54.0000 -1.0000 -1.0000
58.0000 -1.0000 -1.0000
62.0000 -1.0000 -1.0000
66.0000 -1.0000 -1.0000
70.0000 -1.0000 -1.0000
