8.0000 -1.0000 -1.0000
10.0000 2.7531 -1.0000
12.0000 2.7959 2.4214
14.0000 2.8864 2.3431
16.0000 2.9850 2.3912
18.0000 3.0795 2.4465
20.0000 3.1696 2.4604
22.0000 3.2354 2.5185
24.0000 3.3340 2.5806
26.0000 3.4163 2.6866
28.0000 3.4866 2.7436
30.0000 3.5640 2.8160
32.0000 3.6359 2.9255
34.0000 3.6915 3.0362
36.0000 3.7353 3.1328
38.0000 3.7874 3.1833
40.0000 3.8176 3.2692
42.0000 3.8489 3.3193
44.0000 3.8709 3.3763
46.0000 3.8865 3.4023
48.0000 3.9001 3.4703
50.0000 3.9077 3.5562
54.0000 3.9321 3.6300
58.0000 3.9466 3.6860
62.0000 3.9604 3.7244
66.0000 3.9730 3.7618
70.0000 3.9855 3.7974
