8.0000 3.0952 2.8721
10.0000 3.1162 2.9699
12.0000 3.1194 3.0034
14.0000 3.1674 2.9004
16.0000 3.2129 2.8368
18.0000 3.2727 2.8221
20.0000 3.3374 2.8282
22.0000 3.4012 2.8504
24.0000 3.4546 2.9032
26.0000 3.5120 2.9333
28.0000 3.5603 3.0184
30.0000 3.5945 3.0789
32.0000 3.6341 3.1277
34.0000 3.7029 3.1499
36.0000 3.7489 3.1457
38.0000 3.7869 3.2778
40.0000 3.8470 3.2891
42.0000 3.8494 3.3867
44.0000 3.8782 3.5441
46.0000 3.8981 3.5976
48.0000 3.8753 3.6483
50.0000 3.8706 3.6736
54.0000 3.8901 3.7336
58.0000 3.8973 3.7585
62.0000 3.9009 3.7487
66.0000 3.9096 3.7661
70.0000 3.9120 3.7814
