8.0000 3.0164 2.7944
10.0000 3.0816 2.8577
12.0000 3.1042 2.8271
14.0000 3.1621 2.8360
16.0000 3.2148 2.9281
18.0000 3.2532 2.8984
20.0000 3.3047 2.8896
22.0000 3.3599 2.8790
24.0000 3.4037 2.8702
26.0000 3.4539 2.9075
28.0000 3.4964 2.9518
30.0000 3.5401 3.0532
32.0000 3.5689 3.0894
34.0000 3.6002 3.1800
36.0000 3.6398 3.2554
38.0000 3.6427 3.3396
40.0000 3.6653 3.3105
42.0000 -1.0000 -1.0000
44.0000 -1.0000 -1.0000
46.0000 -1.0000 -1.0000
48.0000 -1.0000 -1.0000
50.0000 -1.0000 -1.0000
54.0000 -1.0000 -1.0000
58.0000 -1.0000 -1.0000
62.0000 -1.0000 -1.0000
66.0000 -1.0000 -1.0000
70.0000 -1.0000 -1.0000
