8.0000 3.1982 3.1518
10.0000 3.1915 3.1623
12.0000 3.2144 3.2480
14.0000 3.2302 3.2177
16.0000 3.2308 3.1572
18.0000 3.2498 3.0995
20.0000 3.2672 3.1088
22.0000 3.2916 3.0703
24.0000 3.3040 3.0615
26.0000 3.3189 3.0124
28.0000 3.3392 2.9636
30.0000 3.3747 2.9603
32.0000 3.4043 2.9663
34.0000 3.4649 2.9114
36.0000 3.5004 2.9063
38.0000 3.5409 2.9311
40.0000 3.5796 2.9273
42.0000 -1.0000 -1.0000
44.0000 -1.0000 -1.0000
46.0000 -1.0000 -1.0000
48.0000 -1.0000 -1.0000
50.0000 -1.0000 -1.0000
54.0000 -1.0000 -1.0000
58.0000 -1.0000 -1.0000
62.0000 -1.0000 -1.0000
66.0000 -1.0000 -1.0000
70.0000 -1.0000 -1.0000
