8.0000 3.1328 2.9843
10.0000 3.1799 3.0236
12.0000 3.2276 3.0175
14.0000 3.2671 3.0188
16.0000 3.3084 2.9683
18.0000 3.3273 3.0518
20.0000 3.3623 3.0221
22.0000 3.4086 2.9746
24.0000 3.4557 2.9484
26.0000 3.5126 2.9287
28.0000 3.5703 2.9073
30.0000 3.6228 2.9307
32.0000 3.6818 3.0397
34.0000 3.7323 3.1274
36.0000 3.7759 3.2040
38.0000 3.8129 3.2578
40.0000 3.8482 3.2844
42.0000 -1.0000 -1.0000
44.0000 -1.0000 -1.0000
46.0000 -1.0000 -1.0000
48.0000 -1.0000 -1.0000
50.0000 -1.0000 -1.0000
54.0000 -1.0000 -1.0000
58.0000 -1.0000 -1.0000
62.0000 -1.0000 -1.0000
66.0000 -1.0000 -1.0000
70.0000 -1.0000 -1.0000
