8.0000 3.2250 3.1639
10.0000 3.2288 3.1943
12.0000 3.2606 3.2339
14.0000 3.2699 3.2035
16.0000 3.2788 3.0281
18.0000 3.3195 2.9501
20.0000 3.3784 2.9246
22.0000 3.4385 2.8977
24.0000 3.5017 2.9371
26.0000 3.5630 2.9739
28.0000 3.6267 3.0280
30.0000 3.6746 3.0751
32.0000 3.7240 3.1410
34.0000 3.7401 3.2327
36.0000 3.7810 3.2626
38.0000 3.8119 3.3551
40.0000 3.8397 3.3907
42.0000 -1.0000 -1.0000
44.0000 -1.0000 -1.0000
46.0000 -1.0000 -1.0000
48.0000 -1.0000 -1.0000
50.0000 -1.0000 -1.0000
54.0000 -1.0000 -1.0000
58.0000 -1.0000 -1.0000
62.0000 -1.0000 -1.0000
66.0000 -1.0000 -1.0000
70.0000 -1.0000 -1.0000
