8.0000 3.0996 2.8585
10.0000 3.1186 2.9373
12.0000 3.1806 2.9401
14.0000 3.2551 2.9467
16.0000 3.3460 3.0538
18.0000 3.4006 3.1090
20.0000 3.4286 3.0810
22.0000 3.4676 3.0195
24.0000 3.5089 2.9734
26.0000 3.5611 2.9747
28.0000 3.6127 2.9633
30.0000 3.6695 2.9750
32.0000 3.7159 3.0253
34.0000 3.7592 3.0986
36.0000 3.7989 3.1964
38.0000 3.8244 3.2618
40.0000 3.8380 3.3189
42.0000 3.8503 3.3943
44.0000 3.8616 3.4474
46.0000 3.8949 3.5321
48.0000 3.8950 3.5229
50.0000 3.8971 3.5904
54.0000 3.9109 3.6750
58.0000 3.9205 3.7471
62.0000 3.9313 3.8054
66.0000 3.9354 3.8525
70.0000 3.9301 3.8832
