8.0000 3.1972 3.0998
10.0000 3.2428 3.0917
12.0000 3.2732 3.0736
14.0000 3.3022 2.9260
16.0000 3.3495 2.8523
18.0000 3.4356 2.8397
20.0000 3.5153 2.8934
22.0000 3.5942 2.9643
24.0000 3.6584 3.0763
26.0000 3.7118 3.1720
28.0000 3.7535 3.2988
30.0000 3.7847 3.4264
32.0000 3.8103 3.5049
34.0000 3.8277 3.5412
36.0000 3.8453 3.5688
38.0000 3.8613 3.5910
40.0000 3.8821 3.6332
42.0000 3.8953 3.6697
44.0000 3.9002 3.7166
46.0000 3.9257 3.7839
48.0000 3.9633 3.8728
50.0000 3.9699 3.9160
54.0000 3.9720 -1.0000
58.0000 3.9734 -1.0000
62.0000 3.9753 -1.0000
66.0000 -1.0000 -1.0000
70.0000 -1.0000 -1.0000
