8.0000 3.0511 3.0047
10.0000 3.0499 3.0567
12.0000 3.0375 3.0324
14.0000 3.0424 2.9432
16.0000 3.0680 2.7960
18.0000 3.1104 2.7366
20.0000 3.1606 2.6876
22.0000 3.2183 2.6250
24.0000 3.2764 2.6056
26.0000 3.3330 2.6380
28.0000 3.3873 2.7058
30.0000 3.4413 2.7576
32.0000 3.4966 2.8003
34.0000 3.5714 2.9138
36.0000 3.6128 2.9601
38.0000 3.6557 3.0456
40.0000 3.6988 3.1173
42.0000 -1.0000 -1.0000
44.0000 -1.0000 -1.0000
46.0000 -1.0000 -1.0000
48.0000 -1.0000 -1.0000
50.0000 -1.0000 -1.0000
54.0000 -1.0000 -1.0000
58.0000 -1.0000 -1.0000
62.0000 -1.0000 -1.0000
66.0000 -1.0000 -1.0000
70.0000 -1.0000 -1.0000
