10.0000 2.8838 2.2163
11.0000 2.9619 2.3469
12.0000 3.0265 2.4489
13.0000 3.0819 2.5299
14.0000 3.1307 2.5945
15.0000 3.1748 2.6460
16.0000 3.2156 2.6869
17.0000 3.2541 2.7195
18.0000 3.2911 2.7455
19.0000 3.3269 2.7667
20.0000 3.3621 2.7849
21.0000 3.3967 2.8012
22.0000 3.4309 2.8169
23.0000 3.4647 2.8331
24.0000 3.4980 2.8507
25.0000 3.5309 2.8702
26.0000 3.5630 2.8922
27.0000 3.5944 2.9170
28.0000 3.6249 2.9445
29.0000 3.6542 2.9747
30.0000 3.6824 3.0074
31.0000 3.7093 3.0422
32.0000 3.7349 3.0788
33.0000 3.7591 3.1166
34.0000 3.7819 3.1553
35.0000 3.8033 3.1943
36.0000 3.8234 3.2333
37.0000 3.8421 3.2719
38.0000 3.8596 3.3099
39.0000 3.8758 3.3469
40.0000 3.8910 3.3828
41.0000 3.9051 3.4174
42.0000 3.9182 3.4506
43.0000 3.9304 3.4823
44.0000 3.9417 3.5126
45.0000 3.9523 3.5414
46.0000 3.9621 3.5688
47.0000 3.9713 3.5947
48.0000 3.9798 3.6191
49.0000 3.9878 3.6422
50.0000 3.9953 3.6640
51.0000 4.0023 3.6846
52.0000 4.0088 3.7040
53.0000 4.0150 3.7222
54.0000 4.0208 3.7393
55.0000 4.0262 3.7555
56.0000 4.0313 3.7708
57.0000 4.0361 3.7852
58.0000 4.0407 3.7988
59.0000 4.0450 3.8115
60.0000 4.0491 3.8235
