10.0000 3.0051 2.7941
11.0000 3.0276 2.7990
12.0000 3.0503 2.7976
13.0000 3.0737 2.7914
14.0000 3.0982 2.7820
15.0000 3.1241 2.7712
16.0000 3.1512 2.7608
17.0000 3.1797 2.7524
18.0000 3.2092 2.7474
19.0000 3.2396 2.7472
20.0000 3.2703 2.7525
21.0000 3.3010 2.7639
22.0000 3.3313 2.7814
23.0000 3.3608 2.8047
24.0000 3.3891 2.8330
25.0000 3.4162 2.8654
26.0000 3.4417 2.9008
27.0000 3.4656 2.9380
28.0000 3.4878 2.9762
29.0000 3.5084 3.0143
30.0000 3.5275 3.0516
31.0000 3.5451 3.0878
32.0000 3.5614 3.1222
33.0000 3.5765 3.1547
34.0000 3.5904 3.1851
35.0000 3.6034 3.2135
36.0000 3.6154 3.2397
37.0000 3.6267 3.2640
38.0000 3.6372 3.2862
39.0000 3.6471 3.3067
40.0000 3.6565 3.3255
41.0000 3.6653 3.3427
42.0000 3.6737 3.3586
43.0000 3.6818 3.3731
44.0000 3.6894 3.3864
45.0000 3.6968 3.3986
46.0000 3.7038 3.4100
47.0000 3.7107 3.4203
48.0000 3.7172 3.4299
49.0000 3.7236 3.4388
50.0000 3.7298 3.4471
51.0000 3.7359 3.4549
52.0000 3.7418 3.4622
53.0000 3.7475 3.4690
54.0000 3.7531 3.4755
55.0000 3.7586 3.4815
56.0000 3.7640 3.4875
57.0000 3.7693 3.4930
58.0000 3.7744 3.4984
59.0000 3.7795 3.5036
60.0000 3.7845 3.5087
