10.0000 3.0400 2.6722
11.0000 3.0800 2.7090
12.0000 3.1169 2.7405
13.0000 3.1515 2.7670
14.0000 3.1845 2.7886
15.0000 3.2163 2.8059
16.0000 3.2473 2.8193
17.0000 3.2780 2.8294
18.0000 3.3085 2.8372
19.0000 3.3391 2.8436
20.0000 3.3698 2.8493
21.0000 3.4006 2.8552
22.0000 3.4316 2.8624
23.0000 3.4627 2.8715
24.0000 3.4936 2.8833
25.0000 3.5243 2.8983
26.0000 3.5545 2.9168
27.0000 3.5840 2.9392
28.0000 3.6127 2.9652
29.0000 3.6403 2.9947
30.0000 3.6668 3.0275
31.0000 3.6920 3.0629
32.0000 3.7157 3.1005
33.0000 3.7381 3.1397
34.0000 3.7589 3.1797
35.0000 3.7784 3.2201
36.0000 3.7964 3.2603
37.0000 3.8131 3.2998
38.0000 3.8285 3.3383
39.0000 3.8427 3.3756
40.0000 3.8558 3.4113
41.0000 3.8678 3.4455
42.0000 3.8789 3.4778
43.0000 3.8892 3.5084
44.0000 3.8986 3.5372
45.0000 3.9073 3.5642
46.0000 3.9153 3.5895
47.0000 3.9227 3.6132
48.0000 3.9296 3.6353
49.0000 3.9360 3.6559
50.0000 3.9419 3.6750
51.0000 3.9475 3.6928
52.0000 3.9526 3.7095
53.0000 3.9574 3.7249
54.0000 3.9619 3.7391
55.0000 3.9662 3.7525
56.0000 3.9701 3.7649
57.0000 3.9739 3.7765
58.0000 3.9774 3.7872
59.0000 3.9808 3.7972
60.0000 3.9840 3.8066
