10.0000 3.0186 2.6477
11.0000 3.0598 2.6739
12.0000 3.0992 2.6946
13.0000 3.1375 2.7120
14.0000 3.1750 2.7278
15.0000 3.2118 2.7438
16.0000 3.2480 2.7615
17.0000 3.2833 2.7817
18.0000 3.3176 2.8051
19.0000 3.3506 2.8316
20.0000 3.3822 2.8609
21.0000 3.4123 2.8926
22.0000 3.4406 2.9260
23.0000 3.4673 2.9605
24.0000 3.4922 2.9954
25.0000 3.5156 3.0299
26.0000 3.5374 3.0640
27.0000 3.5577 3.0970
28.0000 3.5766 3.1288
29.0000 3.5943 3.1592
30.0000 3.6108 3.1881
31.0000 3.6262 3.2155
32.0000 3.6407 3.2413
33.0000 3.6543 3.2657
34.0000 3.6671 3.2886
35.0000 3.6791 3.3103
36.0000 3.6905 3.3307
37.0000 3.7013 3.3498
38.0000 3.7115 3.3680
39.0000 3.7212 3.3852
40.0000 3.7305 3.4015
41.0000 3.7393 3.4169
42.0000 3.7477 3.4315
43.0000 3.7557 3.4454
44.0000 3.7634 3.4587
45.0000 3.7708 3.4713
46.0000 3.7779 3.4835
47.0000 3.7847 3.4951
48.0000 3.7912 3.5063
49.0000 3.7975 3.5171
50.0000 3.8036 3.5275
51.0000 3.8094 3.5374
52.0000 3.8151 3.5471
53.0000 3.8205 3.5564
54.0000 3.8258 3.5655
55.0000 3.8309 3.5743
56.0000 3.8358 3.5828
57.0000 3.8406 3.5911
58.0000 3.8452 3.5991
59.0000 3.8496 3.6070
60.0000 3.8539 3.6147
