10.0000 3.1401 2.9482
11.0000 3.1607 2.9460
12.0000 3.1821 2.9389
13.0000 3.2047 2.9283
14.0000 3.2287 2.9155
15.0000 3.2542 2.9020
16.0000 3.2813 2.8893
17.0000 3.3098 2.8788
18.0000 3.3396 2.8718
19.0000 3.3702 2.8695
20.0000 3.4014 2.8724
21.0000 3.4327 2.8811
22.0000 3.4639 2.8955
23.0000 3.4945 2.9153
24.0000 3.5242 2.9401
25.0000 3.5528 2.9689
26.0000 3.5801 3.0009
27.0000 3.6060 3.0351
28.0000 3.6303 3.0707
29.0000 3.6532 3.1068
30.0000 3.6747 3.1429
31.0000 3.6947 3.1785
32.0000 3.7134 3.2130
33.0000 3.7309 3.2464
34.0000 3.7472 3.2783
35.0000 3.7624 3.3087
36.0000 3.7767 3.3375
37.0000 3.7901 3.3649
38.0000 3.8026 3.3907
39.0000 3.8144 3.4150
40.0000 3.8255 3.4380
41.0000 3.8360 3.4597
42.0000 3.8459 3.4802
43.0000 3.8552 3.4995
44.0000 3.8641 3.5178
45.0000 3.8725 3.5351
46.0000 3.8805 3.5515
47.0000 3.8882 3.5670
48.0000 3.8954 3.5817
49.0000 3.9024 3.5959
50.0000 3.9090 3.6093
51.0000 3.9154 3.6221
52.0000 3.9215 3.6343
53.0000 3.9273 3.6460
54.0000 3.9329 3.6572
55.0000 3.9383 3.6679
56.0000 3.9434 3.6783
57.0000 3.9484 3.6882
58.0000 3.9532 3.6978
59.0000 3.9578 3.7070
60.0000 3.9623 3.7160
