10.0000 3.2032 3.0485
11.0000 3.2194 3.0509
12.0000 3.2357 3.0484
13.0000 3.2526 3.0421
14.0000 3.2703 3.0333
15.0000 3.2891 3.0234
16.0000 3.3089 3.0136
17.0000 3.3296 3.0053
18.0000 3.3511 2.9994
19.0000 3.3732 2.9970
20.0000 3.3956 2.9988
21.0000 3.4180 3.0050
22.0000 3.4403 3.0159
23.0000 3.4620 3.0314
24.0000 3.4830 3.0509
25.0000 3.5031 3.0739
26.0000 3.5221 3.0996
27.0000 3.5400 3.1273
28.0000 3.5567 3.1562
29.0000 3.5723 3.1855
30.0000 3.5867 3.2146
31.0000 3.6000 3.2431
32.0000 3.6123 3.2705
33.0000 3.6236 3.2966
34.0000 3.6341 3.3212
35.0000 3.6437 3.3442
36.0000 3.6527 3.3654
37.0000 3.6611 3.3850
38.0000 3.6689 3.4030
39.0000 3.6762 3.4194
40.0000 3.6831 3.4342
41.0000 3.6895 3.4476
42.0000 3.6957 3.4596
43.0000 3.7016 3.4705
44.0000 3.7072 3.4803
45.0000 3.7125 3.4889
46.0000 3.7177 3.4966
47.0000 3.7228 3.5034
48.0000 3.7277 3.5094
49.0000 3.7324 3.5148
50.0000 3.7371 3.5195
51.0000 3.7417 3.5236
52.0000 3.7462 3.5271
53.0000 3.7506 3.5304
54.0000 3.7550 3.5330
55.0000 3.7593 3.5355
56.0000 3.7637 3.5375
57.0000 3.7679 3.5393
58.0000 3.7722 3.5410
59.0000 3.7764 3.5423
60.0000 3.7807 3.5436
