10.0000 2.9317 2.5997
11.0000 2.9682 2.6203
12.0000 3.0036 2.6348
13.0000 3.0385 2.6448
14.0000 3.0733 2.6517
15.0000 3.1083 2.6573
16.0000 3.1436 2.6632
17.0000 3.1792 2.6706
18.0000 3.2148 2.6808
19.0000 3.2503 2.6945
20.0000 3.2853 2.7124
21.0000 3.3196 2.7348
22.0000 3.3529 2.7616
23.0000 3.3849 2.7924
24.0000 3.4153 2.8268
25.0000 3.4441 2.8640
26.0000 3.4711 2.9033
27.0000 3.4964 2.9438
28.0000 3.5198 2.9846
29.0000 3.5415 3.0254
30.0000 3.5615 3.0653
31.0000 3.5799 3.1039
32.0000 3.5969 3.1408
33.0000 3.6126 3.1758
34.0000 3.6271 3.2089
35.0000 3.6405 3.2397
36.0000 3.6529 3.2684
37.0000 3.6644 3.2950
38.0000 3.6751 3.3196
39.0000 3.6851 3.3422
40.0000 3.6945 3.3628
41.0000 3.7033 3.3818
42.0000 3.7117 3.3992
43.0000 3.7196 3.4151
44.0000 3.7271 3.4295
45.0000 3.7343 3.4427
46.0000 3.7412 3.4548
47.0000 3.7478 3.4657
48.0000 3.7541 3.4758
49.0000 3.7603 3.4848
50.0000 3.7663 3.4932
51.0000 3.7721 3.5009
52.0000 3.7777 3.5079
53.0000 3.7833 3.5143
54.0000 3.7887 3.5202
55.0000 3.7940 3.5258
56.0000 3.7992 3.5308
57.0000 3.8043 3.5355
58.0000 3.8093 3.5400
59.0000 3.8143 3.5441
60.0000 3.8192 3.5480
