10.0000 3.1458 2.9550
11.0000 3.1666 2.9489
12.0000 3.1885 2.9371
13.0000 3.2121 2.9219
14.0000 3.2376 2.9052
15.0000 3.2650 2.8890
16.0000 3.2942 2.8753
17.0000 3.3249 2.8659
18.0000 3.3567 2.8622
19.0000 3.3892 2.8653
20.0000 3.4218 2.8758
21.0000 3.4541 2.8936
22.0000 3.4854 2.9183
23.0000 3.5156 2.9490
24.0000 3.5441 2.9842
25.0000 3.5710 3.0227
26.0000 3.5960 3.0630
27.0000 3.6191 3.1042
28.0000 3.6405 3.1448
29.0000 3.6602 3.1845
30.0000 3.6782 3.2223
31.0000 3.6949 3.2581
32.0000 3.7102 3.2916
33.0000 3.7244 3.3227
34.0000 3.7376 3.3514
35.0000 3.7498 3.3778
36.0000 3.7612 3.4019
37.0000 3.7719 3.4238
38.0000 3.7819 3.4440
39.0000 3.7914 3.4622
40.0000 3.8004 3.4787
41.0000 3.8090 3.4938
42.0000 3.8172 3.5075
43.0000 3.8251 3.5200
44.0000 3.8326 3.5314
45.0000 3.8399 3.5418
46.0000 3.8470 3.5512
47.0000 3.8539 3.5599
48.0000 3.8605 3.5680
49.0000 3.8671 3.5753
50.0000 3.8734 3.5822
51.0000 3.8797 3.5885
52.0000 3.8858 3.5944
53.0000 3.8918 3.6001
54.0000 3.8977 3.6054
55.0000 3.9035 3.6104
56.0000 3.9092 3.6152
57.0000 3.9148 3.6199
58.0000 3.9204 3.6244
59.0000 3.9259 3.6287
60.0000 3.9313 3.6330
