10.0000 3.1196 2.7727
11.0000 3.1558 2.8241
12.0000 3.1876 2.8607
13.0000 3.2169 2.8866
14.0000 3.2445 2.9042
15.0000 3.2714 2.9153
16.0000 3.2979 2.9215
17.0000 3.3246 2.9239
18.0000 3.3516 2.9238
19.0000 3.3791 2.9223
20.0000 3.4072 2.9207
21.0000 3.4359 2.9196
22.0000 3.4650 2.9202
23.0000 3.4946 2.9231
24.0000 3.5244 2.9291
25.0000 3.5543 2.9385
26.0000 3.5840 2.9517
27.0000 3.6133 2.9691
28.0000 3.6420 2.9904
29.0000 3.6699 3.0154
30.0000 3.6969 3.0440
31.0000 3.7228 3.0754
32.0000 3.7475 3.1094
33.0000 3.7709 3.1453
34.0000 3.7930 3.1825
35.0000 3.8137 3.2205
36.0000 3.8331 3.2590
37.0000 3.8513 3.2973
38.0000 3.8681 3.3351
39.0000 3.8838 3.3722
40.0000 3.8984 3.4082
41.0000 3.9119 3.4431
42.0000 3.9244 3.4767
43.0000 3.9360 3.5088
44.0000 3.9467 3.5397
45.0000 3.9566 3.5689
46.0000 3.9658 3.5967
47.0000 3.9743 3.6232
48.0000 3.9822 3.6482
49.0000 3.9895 3.6719
50.0000 3.9963 3.6942
51.0000 4.0026 3.7153
52.0000 4.0084 3.7352
53.0000 4.0138 3.7540
54.0000 4.0189 3.7716
55.0000 4.0236 3.7883
56.0000 4.0280 3.8040
57.0000 4.0321 3.8187
58.0000 4.0359 3.8327
59.0000 4.0395 3.8458
60.0000 4.0428 3.8582
