10.0000 3.1958 2.9784
11.0000 3.2189 2.9846
12.0000 3.2420 2.9857
13.0000 3.2655 2.9824
14.0000 3.2897 2.9759
15.0000 3.3151 2.9673
16.0000 3.3415 2.9582
17.0000 3.3692 2.9499
18.0000 3.3978 2.9439
19.0000 3.4273 2.9414
20.0000 3.4574 2.9437
21.0000 3.4876 2.9514
22.0000 3.5176 2.9653
23.0000 3.5471 2.9855
24.0000 3.5756 3.0116
25.0000 3.6028 3.0431
26.0000 3.6286 3.0789
27.0000 3.6526 3.1179
28.0000 3.6750 3.1591
29.0000 3.6955 3.2010
30.0000 3.7144 3.2430
31.0000 3.7316 3.2839
32.0000 3.7473 3.3232
33.0000 3.7615 3.3605
34.0000 3.7745 3.3953
35.0000 3.7863 3.4277
36.0000 3.7972 3.4574
37.0000 3.8071 3.4846
38.0000 3.8162 3.5092
39.0000 3.8247 3.5317
40.0000 3.8325 3.5517
41.0000 3.8398 3.5697
42.0000 3.8467 3.5857
43.0000 3.8532 3.6000
44.0000 3.8593 3.6127
45.0000 3.8652 3.6238
46.0000 3.8708 3.6337
47.0000 3.8761 3.6423
48.0000 3.8813 3.6499
49.0000 3.8864 3.6565
50.0000 3.8913 3.6622
51.0000 3.8961 3.6671
52.0000 3.9009 3.6714
53.0000 3.9055 3.6750
54.0000 3.9101 3.6781
55.0000 3.9147 3.6807
56.0000 3.9192 3.6830
57.0000 3.9236 3.6849
58.0000 3.9281 3.6865
59.0000 3.9325 3.6879
60.0000 3.9369 3.6891
