10.0000 3.1311 2.9384
11.0000 3.1524 2.9249
12.0000 3.1758 2.9069
13.0000 3.2014 2.8872
14.0000 3.2294 2.8682
15.0000 3.2594 2.8524
16.0000 3.2912 2.8420
17.0000 3.3243 2.8385
18.0000 3.3580 2.8434
19.0000 3.3917 2.8569
20.0000 3.4247 2.8791
21.0000 3.4564 2.9090
22.0000 3.4865 2.9454
23.0000 3.5146 2.9868
24.0000 3.5405 3.0315
25.0000 3.5642 3.0779
26.0000 3.5856 3.1245
27.0000 3.6049 3.1703
28.0000 3.6223 3.2146
29.0000 3.6378 3.2565
30.0000 3.6517 3.2958
31.0000 3.6641 3.3324
32.0000 3.6753 3.3660
33.0000 3.6853 3.3968
34.0000 3.6943 3.4248
35.0000 3.7024 3.4501
36.0000 3.7098 3.4730
37.0000 3.7165 3.4934
38.0000 3.7226 3.5117
39.0000 3.7283 3.5281
40.0000 3.7335 3.5426
41.0000 3.7383 3.5555
42.0000 3.7429 3.5668
43.0000 3.7471 3.5768
44.0000 3.7512 3.5855
45.0000 3.7550 3.5931
46.0000 3.7587 3.5995
47.0000 3.7622 3.6051
48.0000 3.7657 3.6099
49.0000 3.7690 3.6140
50.0000 3.7723 3.6173
51.0000 3.7755 3.6199
52.0000 3.7786 3.6221
53.0000 3.7818 3.6238
54.0000 3.7848 3.6250
55.0000 3.7879 3.6258
56.0000 3.7910 3.6263
57.0000 3.7941 3.6265
58.0000 3.7971 3.6265
59.0000 3.8002 3.6263
60.0000 3.8033 3.6259
