10.0000 2.9937 2.4295
11.0000 3.0566 2.5354
12.0000 3.1093 2.6168
13.0000 3.1550 2.6795
14.0000 3.1960 2.7274
15.0000 3.2338 2.7637
16.0000 3.2696 2.7909
17.0000 3.3041 2.8111
18.0000 3.3379 2.8261
19.0000 3.3714 2.8379
20.0000 3.4047 2.8479
21.0000 3.4380 2.8575
22.0000 3.4712 2.8679
23.0000 3.5043 2.8802
24.0000 3.5372 2.8951
25.0000 3.5697 2.9135
26.0000 3.6015 2.9356
27.0000 3.6325 2.9615
28.0000 3.6624 2.9914
29.0000 3.6912 3.0247
30.0000 3.7185 3.0610
31.0000 3.7444 3.0999
32.0000 3.7688 3.1406
33.0000 3.7916 3.1825
34.0000 3.8128 3.2250
35.0000 3.8325 3.2674
36.0000 3.8507 3.3094
37.0000 3.8675 3.3503
38.0000 3.8830 3.3901
39.0000 3.8973 3.4284
40.0000 3.9104 3.4650
41.0000 3.9224 3.4997
42.0000 3.9335 3.5327
43.0000 3.9437 3.5639
44.0000 3.9531 3.5931
45.0000 3.9617 3.6207
46.0000 3.9696 3.6464
47.0000 3.9770 3.6705
48.0000 3.9838 3.6932
49.0000 3.9901 3.7142
50.0000 3.9959 3.7339
51.0000 4.0013 3.7523
52.0000 4.0063 3.7695
53.0000 4.0110 3.7855
54.0000 4.0153 3.8005
55.0000 4.0194 3.8144
56.0000 4.0232 3.8274
57.0000 4.0267 3.8396
58.0000 4.0301 3.8510
59.0000 4.0332 3.8616
60.0000 4.0361 3.8716
