10.0000 3.1221 2.8311
11.0000 3.1536 2.8463
12.0000 3.1842 2.8561
13.0000 3.2147 2.8622
14.0000 3.2452 2.8665
15.0000 3.2759 2.8705
16.0000 3.3068 2.8763
17.0000 3.3378 2.8845
18.0000 3.3685 2.8963
19.0000 3.3987 2.9119
20.0000 3.4282 2.9317
21.0000 3.4568 2.9551
22.0000 3.4841 2.9816
23.0000 3.5101 3.0106
24.0000 3.5347 3.0413
25.0000 3.5579 3.0731
26.0000 3.5797 3.1053
27.0000 3.6000 3.1372
28.0000 3.6190 3.1685
29.0000 3.6368 3.1988
30.0000 3.6534 3.2279
31.0000 3.6690 3.2556
32.0000 3.6835 3.2820
33.0000 3.6971 3.3068
34.0000 3.7100 3.3300
35.0000 3.7221 3.3520
36.0000 3.7335 3.3724
37.0000 3.7443 3.3915
38.0000 3.7545 3.4094
39.0000 3.7643 3.4261
40.0000 3.7736 3.4417
41.0000 3.7825 3.4564
42.0000 3.7910 3.4700
43.0000 3.7992 3.4829
44.0000 3.8071 3.4950
45.0000 3.8147 3.5064
46.0000 3.8220 3.5172
47.0000 3.8291 3.5274
48.0000 3.8359 3.5369
49.0000 3.8426 3.5461
50.0000 3.8490 3.5548
51.0000 3.8553 3.5631
52.0000 3.8615 3.5711
53.0000 3.8674 3.5787
54.0000 3.8732 3.5861
55.0000 3.8789 3.5932
56.0000 3.8844 3.6000
57.0000 3.8899 3.6068
58.0000 3.8952 3.6132
59.0000 3.9003 3.6196
60.0000 3.9054 3.6257
