10.0000 3.0273 2.5311
11.0000 3.0883 2.5245
12.0000 3.1525 2.5229
13.0000 3.2190 2.5332
14.0000 3.2860 2.5607
15.0000 3.3513 2.6087
16.0000 3.4126 2.6765
17.0000 3.4682 2.7600
18.0000 3.5172 2.8531
19.0000 3.5593 2.9496
20.0000 3.5949 3.0441
21.0000 3.6246 3.1330
22.0000 3.6493 3.2142
23.0000 3.6697 3.2870
24.0000 3.6866 3.3512
25.0000 3.7006 3.4075
26.0000 3.7122 3.4563
27.0000 3.7219 3.4985
28.0000 3.7299 3.5349
29.0000 3.7366 3.5662
30.0000 3.7423 3.5929
31.0000 3.7470 3.6158
32.0000 3.7511 3.6353
33.0000 3.7545 3.6517
34.0000 3.7575 3.6656
35.0000 3.7601 3.6772
36.0000 3.7623 3.6868
37.0000 3.7644 3.6946
38.0000 3.7662 3.7009
39.0000 3.7679 3.7059
40.0000 3.7694 3.7096
41.0000 3.7709 3.7124
42.0000 3.7723 3.7141
43.0000 3.7737 3.7150
44.0000 3.7751 3.7152
45.0000 3.7765 3.7148
46.0000 3.7779 3.7137
47.0000 3.7793 3.7122
48.0000 3.7808 3.7103
49.0000 3.7823 3.7081
50.0000 3.7839 3.7054
51.0000 3.7855 3.7025
52.0000 3.7872 3.6994
53.0000 3.7890 3.6961
54.0000 3.7908 3.6927
55.0000 3.7927 3.6891
56.0000 3.7947 3.6854
57.0000 3.7967 3.6816
58.0000 3.7988 3.6778
59.0000 3.8010 3.6740
60.0000 3.8033 3.6702
