10.0000 3.1528 2.7784
11.0000 3.1918 2.8389
12.0000 3.2257 2.8810
13.0000 3.2566 2.9095
14.0000 3.2859 2.9278
15.0000 3.3143 2.9383
16.0000 3.3426 2.9429
17.0000 3.3711 2.9435
18.0000 3.4002 2.9418
19.0000 3.4300 2.9392
20.0000 3.4605 2.9371
21.0000 3.4917 2.9369
22.0000 3.5233 2.9395
23.0000 3.5552 2.9459
24.0000 3.5872 2.9566
25.0000 3.6189 2.9721
26.0000 3.6502 2.9924
27.0000 3.6806 3.0174
28.0000 3.7100 3.0467
29.0000 3.7383 3.0797
30.0000 3.7652 3.1156
31.0000 3.7906 3.1538
32.0000 3.8146 3.1934
33.0000 3.8370 3.2338
34.0000 3.8580 3.2745
35.0000 3.8775 3.3149
36.0000 3.8956 3.3545
37.0000 3.9124 3.3930
38.0000 3.9280 3.4301
39.0000 3.9425 3.4659
40.0000 3.9559 3.4999
41.0000 3.9683 3.5324
42.0000 3.9798 3.5633
43.0000 3.9904 3.5925
44.0000 4.0003 3.6200
45.0000 4.0095 3.6462
46.0000 4.0181 3.6708
47.0000 4.0261 3.6940
48.0000 4.0335 3.7159
49.0000 4.0405 3.7365
50.0000 4.0469 3.7559
51.0000 4.0530 3.7743
52.0000 4.0587 3.7915
53.0000 4.0640 3.8078
54.0000 4.0690 3.8232
55.0000 4.0737 3.8376
56.0000 4.0781 3.8513
57.0000 4.0823 3.8643
58.0000 4.0862 3.8764
59.0000 4.0899 3.8880
60.0000 4.0934 3.8990
