10.0000 3.0484 2.6114
11.0000 3.0959 2.6742
12.0000 3.1377 2.7263
13.0000 3.1753 2.7689
14.0000 3.2097 2.8028
15.0000 3.2421 2.8289
16.0000 3.2731 2.8483
17.0000 3.3033 2.8622
18.0000 3.3331 2.8716
19.0000 3.3629 2.8779
20.0000 3.3928 2.8824
21.0000 3.4230 2.8863
22.0000 3.4534 2.8908
23.0000 3.4840 2.8970
24.0000 3.5148 2.9059
25.0000 3.5454 2.9183
26.0000 3.5757 2.9348
27.0000 3.6054 2.9559
28.0000 3.6343 2.9814
29.0000 3.6622 3.0112
30.0000 3.6889 3.0450
31.0000 3.7142 3.0820
32.0000 3.7381 3.1216
33.0000 3.7604 3.1629
34.0000 3.7812 3.2052
35.0000 3.8004 3.2476
36.0000 3.8182 3.2897
37.0000 3.8345 3.3306
38.0000 3.8495 3.3701
39.0000 3.8634 3.4080
40.0000 3.8760 3.4439
41.0000 3.8877 3.4778
42.0000 3.8984 3.5096
43.0000 3.9083 3.5392
44.0000 3.9174 3.5667
45.0000 3.9258 3.5922
46.0000 3.9336 3.6158
47.0000 3.9408 3.6376
48.0000 3.9476 3.6577
49.0000 3.9539 3.6762
50.0000 3.9598 3.6932
51.0000 3.9653 3.7090
52.0000 3.9705 3.7233
53.0000 3.9754 3.7365
54.0000 3.9801 3.7487
55.0000 3.9845 3.7599
56.0000 3.9888 3.7702
57.0000 3.9928 3.7798
58.0000 3.9967 3.7884
59.0000 4.0004 3.7965
60.0000 4.0039 3.8041
