10.0000 2.9843 2.6750
11.0000 3.0169 2.7117
12.0000 3.0463 2.7416
13.0000 3.0736 2.7653
14.0000 3.0993 2.7832
15.0000 3.1240 2.7964
16.0000 3.1482 2.8057
17.0000 3.1721 2.8123
18.0000 3.1960 2.8172
19.0000 3.2199 2.8215
20.0000 3.2438 2.8260
21.0000 3.2678 2.8316
22.0000 3.2917 2.8390
23.0000 3.3155 2.8484
24.0000 3.3390 2.8602
25.0000 3.3621 2.8747
26.0000 3.3846 2.8915
27.0000 3.4064 2.9107
28.0000 3.4276 2.9318
29.0000 3.4478 2.9547
30.0000 3.4673 2.9786
31.0000 3.4858 3.0033
32.0000 3.5034 3.0283
33.0000 3.5201 3.0535
34.0000 3.5360 3.0784
35.0000 3.5511 3.1027
36.0000 3.5654 3.1262
37.0000 3.5789 3.1489
38.0000 3.5918 3.1706
39.0000 3.6041 3.1911
40.0000 3.6157 3.2106
41.0000 3.6269 3.2289
42.0000 3.6375 3.2462
43.0000 3.6478 3.2624
44.0000 3.6576 3.2776
45.0000 3.6670 3.2918
46.0000 3.6762 3.3050
47.0000 3.6850 3.3175
48.0000 3.6936 3.3291
49.0000 3.7019 3.3400
50.0000 3.7099 3.3503
51.0000 3.7178 3.3599
52.0000 3.7255 3.3689
53.0000 3.7330 3.3776
54.0000 3.7403 3.3856
55.0000 3.7475 3.3934
56.0000 3.7545 3.4007
57.0000 3.7614 3.4078
58.0000 3.7682 3.4146
59.0000 3.7749 3.4212
60.0000 3.7814 3.4276
