10.0000 3.2081 2.9378
11.0000 3.2389 2.9210
12.0000 3.2722 2.9041
13.0000 3.3079 2.8901
14.0000 3.3456 2.8822
15.0000 3.3845 2.8828
16.0000 3.4239 2.8932
17.0000 3.4628 2.9139
18.0000 3.5004 2.9441
19.0000 3.5362 2.9824
20.0000 3.5695 3.0264
21.0000 3.6002 3.0739
22.0000 3.6282 3.1229
23.0000 3.6536 3.1715
24.0000 3.6766 3.2186
25.0000 3.6973 3.2631
26.0000 3.7160 3.3048
27.0000 3.7330 3.3434
28.0000 3.7483 3.3787
29.0000 3.7623 3.4110
30.0000 3.7751 3.4405
31.0000 3.7868 3.4674
32.0000 3.7976 3.4918
33.0000 3.8076 3.5139
34.0000 3.8169 3.5341
35.0000 3.8256 3.5525
36.0000 3.8337 3.5694
37.0000 3.8414 3.5848
38.0000 3.8486 3.5989
39.0000 3.8555 3.6118
40.0000 3.8620 3.6238
41.0000 3.8682 3.6348
42.0000 3.8741 3.6449
43.0000 3.8798 3.6545
44.0000 3.8852 3.6633
45.0000 3.8905 3.6714
46.0000 3.8955 3.6791
47.0000 3.9004 3.6863
48.0000 3.9052 3.6931
49.0000 3.9098 3.6995
50.0000 3.9142 3.7055
51.0000 3.9186 3.7112
52.0000 3.9228 3.7166
53.0000 3.9270 3.7218
54.0000 3.9310 3.7267
55.0000 3.9350 3.7315
56.0000 3.9388 3.7361
57.0000 3.9426 3.7405
58.0000 3.9463 3.7448
59.0000 3.9499 3.7489
60.0000 3.9535 3.7529
