10.0000 3.0352 2.7892
11.0000 3.0621 2.7887
12.0000 3.0899 2.7839
13.0000 3.1188 2.7778
14.0000 3.1487 2.7732
15.0000 3.1796 2.7722
16.0000 3.2109 2.7769
17.0000 3.2422 2.7879
18.0000 3.2729 2.8058
19.0000 3.3026 2.8297
20.0000 3.3310 2.8588
21.0000 3.3576 2.8916
22.0000 3.3825 2.9267
23.0000 3.4055 2.9628
24.0000 3.4268 2.9987
25.0000 3.4464 3.0336
26.0000 3.4644 3.0670
27.0000 3.4809 3.0983
28.0000 3.4962 3.1277
29.0000 3.5104 3.1548
30.0000 3.5236 3.1798
31.0000 3.5358 3.2028
32.0000 3.5473 3.2238
33.0000 3.5581 3.2432
34.0000 3.5683 3.2608
35.0000 3.5779 3.2772
36.0000 3.5870 3.2923
37.0000 3.5958 3.3062
38.0000 3.6041 3.3192
39.0000 3.6121 3.3312
40.0000 3.6197 3.3424
41.0000 3.6271 3.3530
42.0000 3.6342 3.3630
43.0000 3.6410 3.3725
44.0000 3.6477 3.3815
45.0000 3.6541 3.3901
46.0000 3.6603 3.3983
47.0000 3.6664 3.4063
48.0000 3.6722 3.4139
49.0000 3.6779 3.4214
50.0000 3.6835 3.4286
51.0000 3.6889 3.4356
52.0000 3.6942 3.4425
53.0000 3.6993 3.4492
54.0000 3.7043 3.4557
55.0000 3.7092 3.4622
56.0000 3.7139 3.4686
57.0000 3.7186 3.4748
58.0000 3.7231 3.4809
59.0000 3.7275 3.4871
60.0000 3.7318 3.4930
