10.0000 3.0168 2.7102
11.0000 3.0503 2.7247
12.0000 3.0834 2.7309
13.0000 3.1169 2.7315
14.0000 3.1511 2.7296
15.0000 3.1864 2.7280
16.0000 3.2225 2.7297
17.0000 3.2590 2.7367
18.0000 3.2955 2.7511
19.0000 3.3313 2.7735
20.0000 3.3659 2.8040
21.0000 3.3987 2.8417
22.0000 3.4293 2.8851
23.0000 3.4574 2.9321
24.0000 3.4831 2.9810
25.0000 3.5064 3.0299
26.0000 3.5273 3.0774
27.0000 3.5461 3.1227
28.0000 3.5630 3.1650
29.0000 3.5782 3.2039
30.0000 3.5919 3.2395
31.0000 3.6043 3.2716
32.0000 3.6156 3.3003
33.0000 3.6259 3.3260
34.0000 3.6354 3.3489
35.0000 3.6442 3.3692
36.0000 3.6524 3.3871
37.0000 3.6601 3.4030
38.0000 3.6674 3.4169
39.0000 3.6743 3.4292
40.0000 3.6809 3.4401
41.0000 3.6872 3.4498
42.0000 3.6933 3.4582
43.0000 3.6991 3.4657
44.0000 3.7049 3.4723
45.0000 3.7104 3.4782
46.0000 3.7159 3.4836
47.0000 3.7212 3.4884
48.0000 3.7264 3.4927
49.0000 3.7316 3.4966
50.0000 3.7367 3.5002
51.0000 3.7417 3.5036
52.0000 3.7466 3.5068
53.0000 3.7515 3.5099
54.0000 3.7564 3.5129
55.0000 3.7612 3.5157
56.0000 3.7659 3.5184
57.0000 3.7707 3.5213
58.0000 3.7753 3.5240
59.0000 3.7799 3.5268
60.0000 3.7845 3.5297
