10.0000 3.0352 2.6242
11.0000 3.0802 2.6728
12.0000 3.1210 2.7139
13.0000 3.1586 2.7484
14.0000 3.1938 2.7769
15.0000 3.2272 2.8004
16.0000 3.2595 2.8195
17.0000 3.2909 2.8355
18.0000 3.3217 2.8495
19.0000 3.3521 2.8621
20.0000 3.3822 2.8744
21.0000 3.4119 2.8872
22.0000 3.4412 2.9012
23.0000 3.4701 2.9167
24.0000 3.4984 2.9339
25.0000 3.5262 2.9534
26.0000 3.5531 2.9747
27.0000 3.5793 2.9979
28.0000 3.6046 3.0230
29.0000 3.6288 3.0494
30.0000 3.6521 3.0771
31.0000 3.6744 3.1057
32.0000 3.6955 3.1348
33.0000 3.7157 3.1643
34.0000 3.7348 3.1938
35.0000 3.7529 3.2232
36.0000 3.7701 3.2523
37.0000 3.7863 3.2809
38.0000 3.8016 3.3089
39.0000 3.8161 3.3361
40.0000 3.8298 3.3626
41.0000 3.8427 3.3883
42.0000 3.8549 3.4131
43.0000 3.8665 3.4371
44.0000 3.8774 3.4601
45.0000 3.8878 3.4824
46.0000 3.8976 3.5036
47.0000 3.9068 3.5241
48.0000 3.9156 3.5438
49.0000 3.9239 3.5627
50.0000 3.9319 3.5807
51.0000 3.9394 3.5981
52.0000 3.9465 3.6147
53.0000 3.9533 3.6306
54.0000 3.9598 3.6458
55.0000 3.9659 3.6605
56.0000 3.9718 3.6745
57.0000 3.9774 3.6880
58.0000 3.9828 3.7009
59.0000 3.9879 3.7131
60.0000 3.9928 3.7250
