10.0000 3.0067 2.8039
11.0000 3.0281 2.8101
12.0000 3.0496 2.8096
13.0000 3.0717 2.8040
14.0000 3.0948 2.7945
15.0000 3.1193 2.7828
16.0000 3.1451 2.7705
17.0000 3.1724 2.7588
18.0000 3.2010 2.7492
19.0000 3.2308 2.7429
20.0000 3.2615 2.7406
21.0000 3.2927 2.7434
22.0000 3.3242 2.7517
23.0000 3.3555 2.7656
24.0000 3.3863 2.7852
25.0000 3.4164 2.8100
26.0000 3.4453 2.8393
27.0000 3.4729 2.8724
28.0000 3.4991 2.9082
29.0000 3.5237 2.9460
30.0000 3.5467 2.9848
31.0000 3.5682 3.0238
32.0000 3.5882 3.0621
33.0000 3.6068 3.0996
34.0000 3.6240 3.1356
35.0000 3.6400 3.1699
36.0000 3.6549 3.2022
37.0000 3.6688 3.2326
38.0000 3.6817 3.2608
39.0000 3.6938 3.2871
40.0000 3.7052 3.3114
41.0000 3.7159 3.3338
42.0000 3.7260 3.3543
43.0000 3.7355 3.3734
44.0000 3.7446 3.3908
45.0000 3.7533 3.4067
46.0000 3.7616 3.4214
47.0000 3.7696 3.4348
48.0000 3.7772 3.4471
49.0000 3.7846 3.4585
50.0000 3.7918 3.4690
51.0000 3.7987 3.4785
52.0000 3.8055 3.4875
53.0000 3.8121 3.4957
54.0000 3.8185 3.5033
55.0000 3.8248 3.5105
56.0000 3.8310 3.5171
57.0000 3.8370 3.5234
58.0000 3.8430 3.5293
59.0000 3.8488 3.5350
60.0000 3.8546 3.5404
