10.0000 3.0730 2.8187
11.0000 3.1013 2.8125
12.0000 3.1311 2.8008
13.0000 3.1629 2.7870
14.0000 3.1967 2.7741
15.0000 3.2324 2.7654
16.0000 3.2693 2.7635
17.0000 3.3070 2.7707
18.0000 3.3444 2.7880
19.0000 3.3809 2.8157
20.0000 3.4157 2.8528
21.0000 3.4482 2.8972
22.0000 3.4781 2.9470
23.0000 3.5052 2.9994
24.0000 3.5296 3.0524
25.0000 3.5513 3.1041
26.0000 3.5706 3.1533
27.0000 3.5877 3.1991
28.0000 3.6029 3.2412
29.0000 3.6165 3.2794
30.0000 3.6286 3.3137
31.0000 3.6396 3.3442
32.0000 3.6494 3.3712
33.0000 3.6584 3.3951
34.0000 3.6666 3.4160
35.0000 3.6743 3.4343
36.0000 3.6813 3.4504
37.0000 3.6880 3.4644
38.0000 3.6942 3.4765
39.0000 3.7001 3.4869
40.0000 3.7058 3.4959
41.0000 3.7113 3.5036
42.0000 3.7166 3.5104
43.0000 3.7217 3.5161
44.0000 3.7267 3.5209
45.0000 3.7316 3.5252
46.0000 3.7364 3.5287
47.0000 3.7411 3.5317
48.0000 3.7458 3.5343
49.0000 3.7505 3.5365
50.0000 3.7551 3.5384
51.0000 3.7597 3.5401
52.0000 3.7642 3.5416
53.0000 3.7688 3.5429
54.0000 3.7733 3.5441
55.0000 3.7778 3.5454
56.0000 3.7823 3.5465
57.0000 3.7868 3.5476
58.0000 3.7913 3.5488
59.0000 3.7957 3.5500
60.0000 3.8002 3.5513
