10.0000 3.1509 2.9541
11.0000 3.1721 2.9529
12.0000 3.1939 2.9473
13.0000 3.2167 2.9388
14.0000 3.2407 2.9287
15.0000 3.2660 2.9185
16.0000 3.2925 2.9097
17.0000 3.3201 2.9035
18.0000 3.3484 2.9009
19.0000 3.3774 2.9031
20.0000 3.4064 2.9103
21.0000 3.4354 2.9226
22.0000 3.4638 2.9399
23.0000 3.4914 2.9618
24.0000 3.5181 2.9874
25.0000 3.5435 3.0160
26.0000 3.5676 3.0466
27.0000 3.5904 3.0786
28.0000 3.6119 3.1111
29.0000 3.6320 3.1436
30.0000 3.6508 3.1754
31.0000 3.6684 3.2064
32.0000 3.6850 3.2361
33.0000 3.7004 3.2644
34.0000 3.7149 3.2914
35.0000 3.7286 3.3168
36.0000 3.7414 3.3408
37.0000 3.7535 3.3634
38.0000 3.7649 3.3847
39.0000 3.7758 3.4047
40.0000 3.7861 3.4235
41.0000 3.7959 3.4412
42.0000 3.8052 3.4579
43.0000 3.8141 3.4737
44.0000 3.8226 3.4885
45.0000 3.8307 3.5027
46.0000 3.8385 3.5161
47.0000 3.8460 3.5290
48.0000 3.8532 3.5412
49.0000 3.8602 3.5529
50.0000 3.8668 3.5641
51.0000 3.8733 3.5750
52.0000 3.8795 3.5854
53.0000 3.8855 3.5954
54.0000 3.8914 3.6051
55.0000 3.8970 3.6145
56.0000 3.9024 3.6237
57.0000 3.9077 3.6325
58.0000 3.9128 3.6412
59.0000 3.9178 3.6496
60.0000 3.9226 3.6577
