10.0000 3.1309 2.7522
11.0000 3.1747 2.7497
12.0000 3.2200 2.7489
13.0000 3.2664 2.7548
14.0000 3.3131 2.7705
15.0000 3.3588 2.7982
16.0000 3.4025 2.8378
17.0000 3.4432 2.8876
18.0000 3.4803 2.9448
19.0000 3.5135 3.0060
20.0000 3.5428 3.0682
21.0000 3.5684 3.1290
22.0000 3.5907 3.1865
23.0000 3.6100 3.2398
24.0000 3.6267 3.2885
25.0000 3.6411 3.3324
26.0000 3.6538 3.3714
27.0000 3.6648 3.4061
28.0000 3.6744 3.4366
29.0000 3.6830 3.4636
30.0000 3.6906 3.4871
31.0000 3.6974 3.5076
32.0000 3.7035 3.5256
33.0000 3.7091 3.5411
34.0000 3.7142 3.5546
35.0000 3.7189 3.5661
36.0000 3.7233 3.5762
37.0000 3.7274 3.5847
38.0000 3.7313 3.5920
39.0000 3.7350 3.5982
40.0000 3.7386 3.6034
41.0000 3.7420 3.6076
42.0000 3.7454 3.6112
43.0000 3.7487 3.6140
44.0000 3.7519 3.6161
45.0000 3.7551 3.6179
46.0000 3.7582 3.6192
47.0000 3.7614 3.6201
48.0000 3.7645 3.6206
49.0000 3.7676 3.6208
50.0000 3.7707 3.6209
51.0000 3.7738 3.6207
52.0000 3.7770 3.6203
53.0000 3.7801 3.6199
54.0000 3.7833 3.6193
55.0000 3.7865 3.6186
56.0000 3.7897 3.6178
57.0000 3.7929 3.6171
58.0000 3.7961 3.6164
59.0000 3.7994 3.6156
60.0000 3.8027 3.6149
