10.0000 3.1470 2.9933
11.0000 3.1626 3.0035
12.0000 3.1776 3.0090
13.0000 3.1924 3.0103
14.0000 3.2074 3.0082
15.0000 3.2228 3.0036
16.0000 3.2388 2.9972
17.0000 3.2555 2.9898
18.0000 3.2728 2.9825
19.0000 3.2908 2.9759
20.0000 3.3094 2.9707
21.0000 3.3285 2.9674
22.0000 3.3480 2.9667
23.0000 3.3676 2.9686
24.0000 3.3873 2.9735
25.0000 3.4069 2.9813
26.0000 3.4262 2.9918
27.0000 3.4451 3.0050
28.0000 3.4636 3.0203
29.0000 3.4814 3.0374
30.0000 3.4987 3.0559
31.0000 3.5152 3.0755
32.0000 3.5311 3.0956
33.0000 3.5463 3.1161
34.0000 3.5608 3.1366
35.0000 3.5746 3.1569
36.0000 3.5878 3.1766
37.0000 3.6004 3.1958
38.0000 3.6125 3.2144
39.0000 3.6240 3.2321
40.0000 3.6350 3.2491
41.0000 3.6456 3.2652
42.0000 3.6558 3.2805
43.0000 3.6655 3.2951
44.0000 3.6749 3.3088
45.0000 3.6840 3.3219
46.0000 3.6928 3.3342
47.0000 3.7013 3.3459
48.0000 3.7095 3.3570
49.0000 3.7175 3.3676
50.0000 3.7253 3.3777
51.0000 3.7329 3.3872
52.0000 3.7402 3.3965
53.0000 3.7474 3.4053
54.0000 3.7544 3.4138
55.0000 3.7613 3.4221
56.0000 3.7680 3.4299
57.0000 3.7746 3.4376
58.0000 3.7810 3.4452
59.0000 3.7873 3.4525
60.0000 3.7934 3.4597
