10.0000 3.0450 2.6025
11.0000 3.0932 2.6675
12.0000 3.1354 2.7214
13.0000 3.1731 2.7650
14.0000 3.2078 2.7996
15.0000 3.2402 2.8261
16.0000 3.2713 2.8456
17.0000 3.3015 2.8594
18.0000 3.3315 2.8685
19.0000 3.3613 2.8746
20.0000 3.3914 2.8787
21.0000 3.4218 2.8823
22.0000 3.4524 2.8865
23.0000 3.4833 2.8924
24.0000 3.5143 2.9012
25.0000 3.5451 2.9135
26.0000 3.5757 2.9301
27.0000 3.6057 2.9513
28.0000 3.6349 2.9771
29.0000 3.6631 3.0074
30.0000 3.6900 3.0418
31.0000 3.7155 3.0795
32.0000 3.7395 3.1198
33.0000 3.7619 3.1619
34.0000 3.7828 3.2049
35.0000 3.8021 3.2481
36.0000 3.8199 3.2909
37.0000 3.8362 3.3324
38.0000 3.8512 3.3726
39.0000 3.8650 3.4110
40.0000 3.8776 3.4474
41.0000 3.8892 3.4816
42.0000 3.8999 3.5136
43.0000 3.9097 3.5434
44.0000 3.9187 3.5711
45.0000 3.9270 3.5967
46.0000 3.9347 3.6205
47.0000 3.9419 3.6422
48.0000 3.9485 3.6622
49.0000 3.9547 3.6806
50.0000 3.9605 3.6976
51.0000 3.9660 3.7130
52.0000 3.9711 3.7273
53.0000 3.9760 3.7403
54.0000 3.9806 3.7522
55.0000 3.9850 3.7632
56.0000 3.9891 3.7732
57.0000 3.9931 3.7825
58.0000 3.9969 3.7910
59.0000 4.0006 3.7989
60.0000 4.0041 3.8059
