10.0000 3.1466 2.9830
11.0000 3.1643 2.9746
12.0000 3.1834 2.9609
13.0000 3.2043 2.9433
14.0000 3.2271 2.9237
15.0000 3.2521 2.9035
16.0000 3.2791 2.8845
17.0000 3.3081 2.8685
18.0000 3.3387 2.8570
19.0000 3.3705 2.8513
20.0000 3.4032 2.8525
21.0000 3.4361 2.8610
22.0000 3.4688 2.8769
23.0000 3.5009 2.8998
24.0000 3.5319 2.9287
25.0000 3.5615 2.9628
26.0000 3.5894 3.0004
27.0000 3.6157 3.0405
28.0000 3.6401 3.0817
29.0000 3.6628 3.1230
30.0000 3.6838 3.1639
31.0000 3.7032 3.2034
32.0000 3.7212 3.2414
33.0000 3.7377 3.2775
34.0000 3.7530 3.3114
35.0000 3.7672 3.3433
36.0000 3.7803 3.3732
37.0000 3.7925 3.4011
38.0000 3.8039 3.4271
39.0000 3.8146 3.4513
40.0000 3.8245 3.4739
41.0000 3.8339 3.4949
42.0000 3.8427 3.5146
43.0000 3.8510 3.5330
44.0000 3.8588 3.5501
45.0000 3.8663 3.5663
46.0000 3.8733 3.5815
47.0000 3.8800 3.5958
48.0000 3.8863 3.6092
49.0000 3.8924 3.6220
50.0000 3.8982 3.6342
51.0000 3.9038 3.6457
52.0000 3.9091 3.6566
53.0000 3.9141 3.6670
54.0000 3.9190 3.6770
55.0000 3.9237 3.6867
56.0000 3.9282 3.6958
57.0000 3.9325 3.7046
58.0000 3.9367 3.7130
59.0000 3.9407 3.7212
60.0000 3.9446 3.7291
