10.0000 3.1347 2.8548
11.0000 3.1641 2.8807
12.0000 3.1915 2.9004
13.0000 3.2177 2.9146
14.0000 3.2431 2.9240
15.0000 3.2684 2.9294
16.0000 3.2937 2.9313
17.0000 3.3193 2.9310
18.0000 3.3454 2.9291
19.0000 3.3721 2.9269
20.0000 3.3994 2.9249
21.0000 3.4273 2.9241
22.0000 3.4556 2.9251
23.0000 3.4842 2.9287
24.0000 3.5130 2.9353
25.0000 3.5418 2.9452
26.0000 3.5704 2.9586
27.0000 3.5986 2.9756
28.0000 3.6262 2.9959
29.0000 3.6530 3.0196
30.0000 3.6790 3.0460
31.0000 3.7040 3.0750
32.0000 3.7279 3.1060
33.0000 3.7507 3.1386
34.0000 3.7722 3.1724
35.0000 3.7926 3.2069
36.0000 3.8119 3.2418
37.0000 3.8299 3.2768
38.0000 3.8468 3.3115
39.0000 3.8626 3.3458
40.0000 3.8774 3.3794
41.0000 3.8912 3.4122
42.0000 3.9041 3.4441
43.0000 3.9161 3.4750
44.0000 3.9272 3.5047
45.0000 3.9376 3.5333
46.0000 3.9473 3.5608
47.0000 3.9563 3.5871
48.0000 3.9646 3.6123
49.0000 3.9724 3.6364
50.0000 3.9796 3.6594
51.0000 3.9863 3.6812
52.0000 3.9926 3.7020
53.0000 3.9984 3.7218
54.0000 4.0038 3.7406
55.0000 4.0088 3.7584
56.0000 4.0135 3.7754
57.0000 4.0179 3.7915
58.0000 4.0219 3.8068
59.0000 4.0257 3.8211
60.0000 4.0292 3.8349
