10.0000 2.9370 2.5434
11.0000 2.9809 2.5780
12.0000 3.0220 2.6075
13.0000 3.0611 2.6325
14.0000 3.0988 2.6536
15.0000 3.1355 2.6711
16.0000 3.1716 2.6858
17.0000 3.2073 2.6986
18.0000 3.2428 2.7102
19.0000 3.2781 2.7215
20.0000 3.3133 2.7334
21.0000 3.3484 2.7463
22.0000 3.3832 2.7610
23.0000 3.4177 2.7778
24.0000 3.4517 2.7970
25.0000 3.4850 2.8187
26.0000 3.5176 2.8429
27.0000 3.5492 2.8694
28.0000 3.5798 2.8981
29.0000 3.6094 2.9287
30.0000 3.6377 2.9608
31.0000 3.6648 2.9939
32.0000 3.6907 3.0279
33.0000 3.7153 3.0624
34.0000 3.7387 3.0971
35.0000 3.7609 3.1318
36.0000 3.7819 3.1662
37.0000 3.8018 3.2001
38.0000 3.8206 3.2334
39.0000 3.8384 3.2660
40.0000 3.8551 3.2978
41.0000 3.8709 3.3289
42.0000 3.8859 3.3588
43.0000 3.9000 3.3879
44.0000 3.9133 3.4161
45.0000 3.9259 3.4431
46.0000 3.9378 3.4692
47.0000 3.9490 3.4944
48.0000 3.9597 3.5185
49.0000 3.9697 3.5418
50.0000 3.9792 3.5641
51.0000 3.9883 3.5857
52.0000 3.9968 3.6062
53.0000 4.0049 3.6259
54.0000 4.0126 3.6449
55.0000 4.0199 3.6630
56.0000 4.0269 3.6804
57.0000 4.0335 3.6971
58.0000 4.0397 3.7132
59.0000 4.0457 3.7285
60.0000 4.0514 3.7432
