10.0000 3.0608 2.7329
11.0000 3.0968 2.7502
12.0000 3.1318 2.7653
13.0000 3.1661 2.7786
14.0000 3.1998 2.7910
15.0000 3.2331 2.8034
16.0000 3.2659 2.8168
17.0000 3.2982 2.8322
18.0000 3.3297 2.8503
19.0000 3.3603 2.8715
20.0000 3.3899 2.8962
21.0000 3.4181 2.9239
22.0000 3.4449 2.9544
23.0000 3.4701 2.9870
24.0000 3.4937 3.0208
25.0000 3.5157 3.0553
26.0000 3.5361 3.0898
27.0000 3.5550 3.1236
28.0000 3.5725 3.1563
29.0000 3.5887 3.1875
30.0000 3.6037 3.2171
31.0000 3.6176 3.2451
32.0000 3.6305 3.2710
33.0000 3.6426 3.2953
34.0000 3.6538 3.3178
35.0000 3.6644 3.3386
36.0000 3.6743 3.3578
37.0000 3.6836 3.3757
38.0000 3.6924 3.3922
39.0000 3.7008 3.4075
40.0000 3.7088 3.4218
41.0000 3.7164 3.4350
42.0000 3.7236 3.4474
43.0000 3.7306 3.4590
44.0000 3.7373 3.4699
45.0000 3.7437 3.4802
46.0000 3.7499 3.4899
47.0000 3.7558 3.4992
48.0000 3.7616 3.5081
49.0000 3.7672 3.5165
50.0000 3.7726 3.5247
51.0000 3.7778 3.5325
52.0000 3.7828 3.5402
53.0000 3.7878 3.5476
54.0000 3.7925 3.5548
55.0000 3.7971 3.5618
56.0000 3.8016 3.5686
57.0000 3.8060 3.5754
58.0000 3.8103 3.5820
59.0000 3.8144 3.5885
60.0000 3.8184 3.5949
