10.0000 2.9746 2.4219
11.0000 3.0362 2.5228
12.0000 3.0882 2.5994
13.0000 3.1339 2.6572
14.0000 3.1753 2.7007
15.0000 3.2140 2.7329
16.0000 3.2510 2.7564
17.0000 3.2870 2.7737
18.0000 3.3226 2.7868
19.0000 3.3581 2.7976
20.0000 3.3935 2.8076
21.0000 3.4289 2.8183
22.0000 3.4642 2.8309
23.0000 3.4993 2.8461
24.0000 3.5340 2.8651
25.0000 3.5681 2.8879
26.0000 3.6012 2.9150
27.0000 3.6332 2.9461
28.0000 3.6640 2.9810
29.0000 3.6932 3.0192
30.0000 3.7208 3.0600
31.0000 3.7468 3.1027
32.0000 3.7710 3.1467
33.0000 3.7936 3.1911
34.0000 3.8145 3.2353
35.0000 3.8338 3.2789
36.0000 3.8516 3.3213
37.0000 3.8680 3.3623
38.0000 3.8830 3.4015
39.0000 3.8969 3.4388
40.0000 3.9097 3.4741
41.0000 3.9215 3.5074
42.0000 3.9323 3.5385
43.0000 3.9423 3.5679
44.0000 3.9516 3.5951
45.0000 3.9601 3.6206
46.0000 3.9681 3.6442
47.0000 3.9755 3.6661
48.0000 3.9824 3.6867
49.0000 3.9888 3.7056
50.0000 3.9948 3.7233
51.0000 4.0004 3.7396
52.0000 4.0057 3.7547
53.0000 4.0107 3.7689
54.0000 4.0155 3.7820
55.0000 4.0199 3.7942
56.0000 4.0242 3.8056
57.0000 4.0282 3.8161
58.0000 4.0320 3.8260
59.0000 4.0357 3.8352
60.0000 4.0392 3.8438
