10.0000 3.0849 2.8521
11.0000 3.1101 2.8543
12.0000 3.1358 2.8499
13.0000 3.1627 2.8410
14.0000 3.1910 2.8301
15.0000 3.2208 2.8194
16.0000 3.2520 2.8113
17.0000 3.2844 2.8078
18.0000 3.3175 2.8106
19.0000 3.3507 2.8207
20.0000 3.3836 2.8387
21.0000 3.4156 2.8644
22.0000 3.4461 2.8967
23.0000 3.4749 2.9347
24.0000 3.5018 2.9766
25.0000 3.5264 3.0209
26.0000 3.5490 3.0661
27.0000 3.5695 3.1109
28.0000 3.5880 3.1545
29.0000 3.6048 3.1959
30.0000 3.6199 3.2350
31.0000 3.6335 3.2713
32.0000 3.6459 3.3047
33.0000 3.6571 3.3353
34.0000 3.6673 3.3632
35.0000 3.6766 3.3885
36.0000 3.6852 3.4113
37.0000 3.6931 3.4318
38.0000 3.7004 3.4503
39.0000 3.7072 3.4669
40.0000 3.7136 3.4816
41.0000 3.7196 3.4948
42.0000 3.7253 3.5066
43.0000 3.7306 3.5170
44.0000 3.7358 3.5264
45.0000 3.7407 3.5347
46.0000 3.7455 3.5421
47.0000 3.7501 3.5486
48.0000 3.7546 3.5543
49.0000 3.7589 3.5594
50.0000 3.7632 3.5640
51.0000 3.7673 3.5680
52.0000 3.7714 3.5716
53.0000 3.7754 3.5747
54.0000 3.7794 3.5776
55.0000 3.7833 3.5800
56.0000 3.7872 3.5823
57.0000 3.7911 3.5843
58.0000 3.7949 3.5862
59.0000 3.7987 3.5879
60.0000 3.8025 3.5895
