10.0000 3.1096 2.8601
11.0000 3.1355 2.8842
12.0000 3.1595 2.9022
13.0000 3.1824 2.9150
14.0000 3.2046 2.9235
15.0000 3.2265 2.9286
16.0000 3.2484 2.9313
17.0000 3.2704 2.9325
18.0000 3.2927 2.9332
19.0000 3.3153 2.9342
20.0000 3.3380 2.9362
21.0000 3.3609 2.9396
22.0000 3.3839 2.9450
23.0000 3.4068 2.9528
24.0000 3.4294 2.9629
25.0000 3.4517 2.9756
26.0000 3.4736 2.9906
27.0000 3.4949 3.0079
28.0000 3.5155 3.0272
29.0000 3.5354 3.0481
30.0000 3.5545 3.0704
31.0000 3.5728 3.0936
32.0000 3.5902 3.1176
33.0000 3.6068 3.1420
34.0000 3.6226 3.1663
35.0000 3.6375 3.1906
36.0000 3.6517 3.2145
37.0000 3.6651 3.2381
38.0000 3.6778 3.2610
39.0000 3.6899 3.2832
40.0000 3.7013 3.3047
41.0000 3.7121 3.3255
42.0000 3.7224 3.3454
43.0000 3.7321 3.3646
44.0000 3.7413 3.3830
45.0000 3.7501 3.4008
46.0000 3.7585 3.4178
47.0000 3.7664 3.4340
48.0000 3.7740 3.4496
49.0000 3.7812 3.4647
50.0000 3.7881 3.4791
51.0000 3.7947 3.4929
52.0000 3.8009 3.5062
53.0000 3.8070 3.5189
54.0000 3.8127 3.5312
55.0000 3.8182 3.5431
56.0000 3.8235 3.5545
57.0000 3.8286 3.5654
58.0000 3.8334 3.5760
59.0000 3.8381 3.5863
60.0000 3.8426 3.5961
