10.0000 3.1171 2.9096
11.0000 3.1382 2.9314
12.0000 3.1576 2.9465
13.0000 3.1760 2.9557
14.0000 3.1941 2.9598
15.0000 3.2123 2.9596
16.0000 3.2308 2.9561
17.0000 3.2499 2.9501
18.0000 3.2697 2.9425
19.0000 3.2903 2.9343
20.0000 3.3117 2.9261
21.0000 3.3339 2.9189
22.0000 3.3568 2.9133
23.0000 3.3803 2.9100
24.0000 3.4043 2.9093
25.0000 3.4285 2.9119
26.0000 3.4529 2.9179
27.0000 3.4772 2.9274
28.0000 3.5013 2.9405
29.0000 3.5249 2.9570
30.0000 3.5479 2.9764
31.0000 3.5703 2.9987
32.0000 3.5918 3.0231
33.0000 3.6125 3.0495
34.0000 3.6323 3.0772
35.0000 3.6511 3.1058
36.0000 3.6689 3.1348
37.0000 3.6858 3.1641
38.0000 3.7018 3.1932
39.0000 3.7169 3.2219
40.0000 3.7311 3.2500
41.0000 3.7445 3.2773
42.0000 3.7571 3.3037
43.0000 3.7691 3.3291
44.0000 3.7803 3.3535
45.0000 3.7910 3.3770
46.0000 3.8010 3.3993
47.0000 3.8105 3.4207
48.0000 3.8195 3.4410
49.0000 3.8280 3.4605
50.0000 3.8361 3.4789
51.0000 3.8437 3.4965
52.0000 3.8510 3.5133
53.0000 3.8580 3.5292
54.0000 3.8646 3.5443
55.0000 3.8709 3.5589
56.0000 3.8770 3.5726
57.0000 3.8827 3.5858
58.0000 3.8882 3.5983
59.0000 3.8935 3.6103
60.0000 3.8986 3.6217
