10.0000 3.0637 2.7588
11.0000 3.0959 2.7914
12.0000 3.1255 2.8168
13.0000 3.1533 2.8352
14.0000 3.1801 2.8474
15.0000 3.2065 2.8544
16.0000 3.2330 2.8573
17.0000 3.2597 2.8575
18.0000 3.2870 2.8562
19.0000 3.3148 2.8548
20.0000 3.3432 2.8542
21.0000 3.3721 2.8559
22.0000 3.4012 2.8607
23.0000 3.4304 2.8695
24.0000 3.4595 2.8829
25.0000 3.4880 2.9012
26.0000 3.5159 2.9245
27.0000 3.5427 2.9526
28.0000 3.5683 2.9849
29.0000 3.5925 3.0208
30.0000 3.6152 3.0595
31.0000 3.6363 3.0999
32.0000 3.6558 3.1412
33.0000 3.6738 3.1825
34.0000 3.6902 3.2231
35.0000 3.7052 3.2626
36.0000 3.7190 3.3002
37.0000 3.7315 3.3359
38.0000 3.7429 3.3693
39.0000 3.7534 3.4004
40.0000 3.7629 3.4292
41.0000 3.7717 3.4556
42.0000 3.7798 3.4797
43.0000 3.7872 3.5017
44.0000 3.7941 3.5216
45.0000 3.8006 3.5396
46.0000 3.8066 3.5558
47.0000 3.8122 3.5704
48.0000 3.8176 3.5835
49.0000 3.8226 3.5951
50.0000 3.8275 3.6055
51.0000 3.8321 3.6148
52.0000 3.8365 3.6230
53.0000 3.8408 3.6302
54.0000 3.8449 3.6366
55.0000 3.8489 3.6421
56.0000 3.8528 3.6471
57.0000 3.8567 3.6514
58.0000 3.8604 3.6552
59.0000 3.8642 3.6583
60.0000 3.8678 3.6611
