10.0000 3.0443 2.7395
11.0000 3.0776 2.7539
12.0000 3.1103 2.7619
13.0000 3.1431 2.7660
14.0000 3.1763 2.7691
15.0000 3.2098 2.7735
16.0000 3.2435 2.7812
17.0000 3.2771 2.7937
18.0000 3.3101 2.8120
19.0000 3.3422 2.8362
20.0000 3.3728 2.8662
21.0000 3.4017 2.9009
22.0000 3.4287 2.9394
23.0000 3.4536 2.9802
24.0000 3.4764 3.0222
25.0000 3.4972 3.0639
26.0000 3.5161 3.1048
27.0000 3.5331 3.1439
28.0000 3.5485 3.1807
29.0000 3.5625 3.2151
30.0000 3.5751 3.2467
31.0000 3.5866 3.2757
32.0000 3.5971 3.3019
33.0000 3.6067 3.3256
34.0000 3.6156 3.3468
35.0000 3.6238 3.3657
36.0000 3.6315 3.3827
37.0000 3.6387 3.3977
38.0000 3.6455 3.4108
39.0000 3.6519 3.4225
40.0000 3.6580 3.4327
41.0000 3.6639 3.4417
42.0000 3.6696 3.4493
43.0000 3.6751 3.4561
44.0000 3.6804 3.4619
45.0000 3.6856 3.4669
46.0000 3.6908 3.4711
47.0000 3.6958 3.4747
48.0000 3.7008 3.4778
49.0000 3.7057 3.4804
50.0000 3.7106 3.4825
51.0000 3.7154 3.4844
52.0000 3.7202 3.4858
53.0000 3.7250 3.4872
54.0000 3.7298 3.4882
55.0000 3.7346 3.4892
56.0000 3.7393 3.4900
57.0000 3.7441 3.4907
58.0000 3.7489 3.4914
59.0000 3.7537 3.4921
60.0000 3.7584 3.4928
