10.0000 3.1784 2.8587
11.0000 3.2158 2.8344
12.0000 3.2570 2.8110
13.0000 3.3016 2.7950
14.0000 3.3487 2.7912
15.0000 3.3967 2.8034
16.0000 3.4441 2.8329
17.0000 3.4892 2.8785
18.0000 3.5309 2.9369
19.0000 3.5685 3.0037
20.0000 3.6016 3.0743
21.0000 3.6303 3.1450
22.0000 3.6551 3.2129
23.0000 3.6762 3.2764
24.0000 3.6942 3.3345
25.0000 3.7095 3.3870
26.0000 3.7226 3.4338
27.0000 3.7337 3.4754
28.0000 3.7432 3.5120
29.0000 3.7514 3.5442
30.0000 3.7584 3.5725
31.0000 3.7644 3.5971
32.0000 3.7697 3.6185
33.0000 3.7743 3.6372
34.0000 3.7784 3.6532
35.0000 3.7819 3.6672
36.0000 3.7851 3.6790
37.0000 3.7880 3.6891
38.0000 3.7906 3.6976
39.0000 3.7930 3.7048
40.0000 3.7953 3.7107
41.0000 3.7974 3.7153
42.0000 3.7994 3.7190
43.0000 3.8013 3.7218
44.0000 3.8031 3.7238
45.0000 3.8050 3.7250
46.0000 3.8068 3.7257
47.0000 3.8086 3.7256
48.0000 3.8104 3.7251
49.0000 3.8122 3.7240
50.0000 3.8141 3.7227
51.0000 3.8159 3.7208
52.0000 3.8179 3.7188
53.0000 3.8199 3.7163
54.0000 3.8219 3.7137
55.0000 3.8240 3.7109
56.0000 3.8261 3.7079
57.0000 3.8283 3.7047
58.0000 3.8306 3.7014
59.0000 3.8329 3.6980
60.0000 3.8353 3.6945
