10.0000 3.0012 2.6807
11.0000 3.0366 2.6933
12.0000 3.0719 2.6979
13.0000 3.1078 2.6976
14.0000 3.1447 2.6955
15.0000 3.1826 2.6947
16.0000 3.2214 2.6978
17.0000 3.2606 2.7070
18.0000 3.2997 2.7240
19.0000 3.3379 2.7495
20.0000 3.3747 2.7834
21.0000 3.4095 2.8249
22.0000 3.4419 2.8725
23.0000 3.4715 2.9241
24.0000 3.4984 2.9781
25.0000 3.5225 3.0322
26.0000 3.5440 3.0852
27.0000 3.5632 3.1358
28.0000 3.5801 3.1831
29.0000 3.5951 3.2269
30.0000 3.6085 3.2668
31.0000 3.6203 3.3026
32.0000 3.6310 3.3348
33.0000 3.6405 3.3634
34.0000 3.6492 3.3886
35.0000 3.6570 3.4108
36.0000 3.6643 3.4301
37.0000 3.6710 3.4469
38.0000 3.6772 3.4613
39.0000 3.6830 3.4738
40.0000 3.6886 3.4845
41.0000 3.6939 3.4935
42.0000 3.6989 3.5010
43.0000 3.7038 3.5073
44.0000 3.7086 3.5125
45.0000 3.7132 3.5167
46.0000 3.7178 3.5199
47.0000 3.7223 3.5225
48.0000 3.7268 3.5245
49.0000 3.7312 3.5259
50.0000 3.7356 3.5268
51.0000 3.7401 3.5273
52.0000 3.7445 3.5274
53.0000 3.7489 3.5275
54.0000 3.7534 3.5271
55.0000 3.7578 3.5267
56.0000 3.7623 3.5263
57.0000 3.7668 3.5256
58.0000 3.7714 3.5251
59.0000 3.7759 3.5245
60.0000 3.7805 3.5240
