10.0000 2.9773 2.3707
11.0000 3.0444 2.5047
12.0000 3.0985 2.6019
13.0000 3.1442 2.6730
14.0000 3.1845 2.7248
15.0000 3.2214 2.7617
16.0000 3.2563 2.7874
17.0000 3.2901 2.8046
18.0000 3.3235 2.8159
19.0000 3.3568 2.8234
20.0000 3.3903 2.8291
21.0000 3.4240 2.8348
22.0000 3.4580 2.8418
23.0000 3.4922 2.8513
24.0000 3.5262 2.8645
25.0000 3.5600 2.8819
26.0000 3.5932 2.9041
27.0000 3.6256 2.9310
28.0000 3.6568 2.9624
29.0000 3.6868 2.9979
30.0000 3.7153 3.0367
31.0000 3.7421 3.0783
32.0000 3.7674 3.1216
33.0000 3.7909 3.1660
34.0000 3.8127 3.2107
35.0000 3.8330 3.2550
36.0000 3.8517 3.2985
37.0000 3.8689 3.3407
38.0000 3.8847 3.3814
39.0000 3.8993 3.4203
40.0000 3.9128 3.4572
41.0000 3.9251 3.4922
42.0000 3.9365 3.5252
43.0000 3.9470 3.5561
44.0000 3.9567 3.5852
45.0000 3.9657 3.6124
46.0000 3.9740 3.6379
47.0000 3.9817 3.6616
48.0000 3.9888 3.6838
49.0000 3.9954 3.7045
50.0000 4.0016 3.7239
51.0000 4.0074 3.7419
52.0000 4.0127 3.7588
53.0000 4.0178 3.7745
54.0000 4.0225 3.7892
55.0000 4.0270 3.8029
56.0000 4.0312 3.8158
57.0000 4.0351 3.8279
58.0000 4.0388 3.8391
59.0000 4.0423 3.8497
60.0000 4.0457 3.8596
