10.0000 2.9197 2.2964
11.0000 2.9907 2.4224
12.0000 3.0488 2.5212
13.0000 3.0981 2.5986
14.0000 3.1411 2.6588
15.0000 3.1800 2.7051
16.0000 3.2159 2.7401
17.0000 3.2500 2.7662
18.0000 3.2830 2.7852
19.0000 3.3153 2.7990
20.0000 3.3474 2.8095
21.0000 3.3795 2.8177
22.0000 3.4116 2.8254
23.0000 3.4438 2.8335
24.0000 3.4761 2.8431
25.0000 3.5083 2.8551
26.0000 3.5403 2.8702
27.0000 3.5718 2.8889
28.0000 3.6028 2.9113
29.0000 3.6329 2.9377
30.0000 3.6621 2.9677
31.0000 3.6901 3.0012
32.0000 3.7167 3.0375
33.0000 3.7420 3.0762
34.0000 3.7658 3.1167
35.0000 3.7882 3.1583
36.0000 3.8090 3.2006
37.0000 3.8284 3.2429
38.0000 3.8464 3.2848
39.0000 3.8631 3.3259
40.0000 3.8784 3.3658
41.0000 3.8926 3.4045
42.0000 3.9057 3.4416
43.0000 3.9177 3.4770
44.0000 3.9288 3.5107
45.0000 3.9390 3.5427
46.0000 3.9484 3.5729
47.0000 3.9571 3.6015
48.0000 3.9650 3.6283
49.0000 3.9724 3.6536
50.0000 3.9792 3.6773
51.0000 3.9855 3.6995
52.0000 3.9913 3.7204
53.0000 3.9966 3.7399
54.0000 4.0016 3.7582
55.0000 4.0063 3.7753
56.0000 4.0105 3.7912
57.0000 4.0145 3.8062
58.0000 4.0183 3.8203
59.0000 4.0217 3.8334
60.0000 4.0250 3.8457
