10.0000 2.9480 2.5357
11.0000 2.9940 2.5754
12.0000 3.0367 2.6120
13.0000 3.0765 2.6454
14.0000 3.1139 2.6754
15.0000 3.1495 2.7016
16.0000 3.1837 2.7243
17.0000 3.2167 2.7437
18.0000 3.2490 2.7602
19.0000 3.2807 2.7747
20.0000 3.3120 2.7875
21.0000 3.3431 2.7995
22.0000 3.3739 2.8114
23.0000 3.4045 2.8235
24.0000 3.4348 2.8365
25.0000 3.4648 2.8508
26.0000 3.4945 2.8666
27.0000 3.5237 2.8843
28.0000 3.5523 2.9039
29.0000 3.5804 2.9253
30.0000 3.6076 2.9486
31.0000 3.6341 2.9737
32.0000 3.6597 3.0002
33.0000 3.6844 3.0281
34.0000 3.7081 3.0570
35.0000 3.7309 3.0869
36.0000 3.7526 3.1173
37.0000 3.7734 3.1481
38.0000 3.7932 3.1790
39.0000 3.8120 3.2099
40.0000 3.8299 3.2405
41.0000 3.8468 3.2709
42.0000 3.8629 3.3007
43.0000 3.8782 3.3300
44.0000 3.8926 3.3585
45.0000 3.9063 3.3864
46.0000 3.9193 3.4134
47.0000 3.9316 3.4395
48.0000 3.9432 3.4648
49.0000 3.9543 3.4893
50.0000 3.9648 3.5129
51.0000 3.9747 3.5355
52.0000 3.9841 3.5573
53.0000 3.9931 3.5783
54.0000 4.0016 3.5985
55.0000 4.0097 3.6178
56.0000 4.0174 3.6364
57.0000 4.0247 3.6542
58.0000 4.0317 3.6713
59.0000 4.0384 3.6876
60.0000 4.0448 3.7033
