10.0000 3.0121 2.7746
11.0000 3.0378 2.7783
12.0000 3.0639 2.7751
13.0000 3.0911 2.7672
14.0000 3.1196 2.7569
15.0000 3.1497 2.7462
16.0000 3.1813 2.7373
17.0000 3.2141 2.7322
18.0000 3.2479 2.7325
19.0000 3.2821 2.7394
20.0000 3.3162 2.7537
21.0000 3.3497 2.7754
22.0000 3.3821 2.8041
23.0000 3.4130 2.8388
24.0000 3.4421 2.8784
25.0000 3.4692 2.9212
26.0000 3.4941 2.9658
27.0000 3.5171 3.0110
28.0000 3.5380 3.0556
29.0000 3.5570 3.0988
30.0000 3.5743 3.1399
31.0000 3.5900 3.1787
32.0000 3.6043 3.2147
33.0000 3.6174 3.2480
34.0000 3.6293 3.2785
35.0000 3.6402 3.3065
36.0000 3.6503 3.3319
37.0000 3.6596 3.3549
38.0000 3.6683 3.3758
39.0000 3.6764 3.3944
40.0000 3.6840 3.4115
41.0000 3.6911 3.4267
42.0000 3.6979 3.4403
43.0000 3.7043 3.4527
44.0000 3.7104 3.4638
45.0000 3.7163 3.4738
46.0000 3.7219 3.4827
47.0000 3.7274 3.4908
48.0000 3.7327 3.4980
49.0000 3.7378 3.5046
50.0000 3.7429 3.5105
51.0000 3.7478 3.5159
52.0000 3.7525 3.5207
53.0000 3.7573 3.5252
54.0000 3.7619 3.5293
55.0000 3.7664 3.5330
56.0000 3.7709 3.5365
57.0000 3.7754 3.5398
58.0000 3.7798 3.5428
59.0000 3.7841 3.5457
60.0000 3.7884 3.5485
