10.0000 3.1467 2.8843
11.0000 3.1745 2.9012
12.0000 3.2014 2.9098
13.0000 3.2282 2.9110
14.0000 3.2557 2.9065
15.0000 3.2842 2.8978
16.0000 3.3141 2.8867
17.0000 3.3456 2.8746
18.0000 3.3786 2.8632
19.0000 3.4131 2.8543
20.0000 3.4489 2.8492
21.0000 3.4856 2.8492
22.0000 3.5230 2.8552
23.0000 3.5604 2.8680
24.0000 3.5976 2.8877
25.0000 3.6341 2.9143
26.0000 3.6694 2.9473
27.0000 3.7032 2.9859
28.0000 3.7352 3.0290
29.0000 3.7654 3.0757
30.0000 3.7935 3.1246
31.0000 3.8195 3.1749
32.0000 3.8436 3.2255
33.0000 3.8656 3.2755
34.0000 3.8858 3.3244
35.0000 3.9043 3.3717
36.0000 3.9211 3.4172
37.0000 3.9364 3.4605
38.0000 3.9504 3.5014
39.0000 3.9631 3.5401
40.0000 3.9747 3.5764
41.0000 3.9853 3.6104
42.0000 3.9949 3.6423
43.0000 4.0037 3.6720
44.0000 4.0117 3.6997
45.0000 4.0191 3.7255
46.0000 4.0258 3.7495
47.0000 4.0320 3.7718
48.0000 4.0377 3.7926
49.0000 4.0429 3.8119
50.0000 4.0477 3.8299
51.0000 4.0521 3.8467
52.0000 4.0562 3.8621
53.0000 4.0599 3.8766
54.0000 4.0634 3.8901
55.0000 4.0666 3.9027
56.0000 4.0696 3.9143
57.0000 4.0724 3.9253
58.0000 4.0750 3.9354
59.0000 4.0774 3.9448
60.0000 4.0796 3.9537
