10.0000 2.9891 2.6007
11.0000 3.0318 2.6387
12.0000 3.0716 2.6700
13.0000 3.1091 2.6960
14.0000 3.1450 2.7177
15.0000 3.1799 2.7358
16.0000 3.2140 2.7509
17.0000 3.2476 2.7635
18.0000 3.2809 2.7746
19.0000 3.3141 2.7850
20.0000 3.3472 2.7953
21.0000 3.3802 2.8065
22.0000 3.4130 2.8194
23.0000 3.4455 2.8343
24.0000 3.4776 2.8519
25.0000 3.5091 2.8724
26.0000 3.5398 2.8959
27.0000 3.5696 2.9225
28.0000 3.5984 2.9519
29.0000 3.6259 2.9839
30.0000 3.6522 3.0181
31.0000 3.6771 3.0540
32.0000 3.7006 3.0913
33.0000 3.7227 3.1294
34.0000 3.7434 3.1679
35.0000 3.7627 3.2063
36.0000 3.7807 3.2446
37.0000 3.7975 3.2821
38.0000 3.8130 3.3188
39.0000 3.8274 3.3544
40.0000 3.8407 3.3888
41.0000 3.8530 3.4219
42.0000 3.8644 3.4536
43.0000 3.8749 3.4839
44.0000 3.8846 3.5128
45.0000 3.8936 3.5402
46.0000 3.9019 3.5662
47.0000 3.9096 3.5909
48.0000 3.9167 3.6141
49.0000 3.9232 3.6361
50.0000 3.9293 3.6569
51.0000 3.9350 3.6764
52.0000 3.9402 3.6948
53.0000 3.9450 3.7122
54.0000 3.9495 3.7286
55.0000 3.9537 3.7439
56.0000 3.9576 3.7584
57.0000 3.9612 3.7719
58.0000 3.9646 3.7848
59.0000 3.9677 3.7968
60.0000 3.9706 3.8081
