10.0000 3.1608 2.7953
11.0000 3.1995 2.8430
12.0000 3.2343 2.8774
13.0000 3.2667 2.9015
14.0000 3.2978 2.9179
15.0000 3.3283 2.9287
16.0000 3.3585 2.9360
17.0000 3.3887 2.9414
18.0000 3.4191 2.9465
19.0000 3.4496 2.9524
20.0000 3.4802 2.9603
21.0000 3.5107 2.9707
22.0000 3.5410 2.9843
23.0000 3.5707 3.0011
24.0000 3.5999 3.0214
25.0000 3.6281 3.0446
26.0000 3.6555 3.0707
27.0000 3.6817 3.0991
28.0000 3.7067 3.1295
29.0000 3.7305 3.1612
30.0000 3.7531 3.1939
31.0000 3.7744 3.2272
32.0000 3.7944 3.2606
33.0000 3.8132 3.2939
34.0000 3.8309 3.3267
35.0000 3.8474 3.3591
36.0000 3.8629 3.3905
37.0000 3.8773 3.4212
38.0000 3.8908 3.4508
39.0000 3.9034 3.4795
40.0000 3.9152 3.5069
41.0000 3.9262 3.5334
42.0000 3.9365 3.5589
43.0000 3.9462 3.5831
44.0000 3.9551 3.6063
45.0000 3.9636 3.6285
46.0000 3.9714 3.6497
47.0000 3.9788 3.6699
48.0000 3.9857 3.6891
49.0000 3.9921 3.7075
50.0000 3.9982 3.7249
51.0000 4.0039 3.7416
52.0000 4.0092 3.7573
53.0000 4.0142 3.7723
54.0000 4.0189 3.7866
55.0000 4.0234 3.8001
56.0000 4.0275 3.8130
57.0000 4.0314 3.8253
58.0000 4.0351 3.8370
59.0000 4.0386 3.8480
60.0000 4.0419 3.8586
