10.0000 3.0863 2.7191
11.0000 3.1253 2.7680
12.0000 3.1603 2.8036
13.0000 3.1927 2.8287
14.0000 3.2238 2.8456
15.0000 3.2542 2.8559
16.0000 3.2844 2.8613
17.0000 3.3149 2.8635
18.0000 3.3460 2.8637
19.0000 3.3776 2.8634
20.0000 3.4098 2.8638
21.0000 3.4426 2.8660
22.0000 3.4757 2.8710
23.0000 3.5091 2.8795
24.0000 3.5424 2.8921
25.0000 3.5754 2.9090
26.0000 3.6079 2.9303
27.0000 3.6395 2.9559
28.0000 3.6702 2.9855
29.0000 3.6997 3.0186
30.0000 3.7278 3.0545
31.0000 3.7544 3.0929
32.0000 3.7796 3.1328
33.0000 3.8032 3.1739
34.0000 3.8253 3.2153
35.0000 3.8459 3.2570
36.0000 3.8651 3.2982
37.0000 3.8829 3.3387
38.0000 3.8993 3.3782
39.0000 3.9146 3.4165
40.0000 3.9286 3.4535
41.0000 3.9416 3.4889
42.0000 3.9536 3.5228
43.0000 3.9647 3.5552
44.0000 3.9748 3.5858
45.0000 3.9843 3.6151
46.0000 3.9930 3.6427
47.0000 4.0010 3.6688
48.0000 4.0084 3.6934
49.0000 4.0152 3.7167
50.0000 4.0215 3.7385
51.0000 4.0274 3.7591
52.0000 4.0328 3.7786
53.0000 4.0378 3.7969
54.0000 4.0425 3.8140
55.0000 4.0468 3.8302
56.0000 4.0508 3.8453
57.0000 4.0545 3.8596
58.0000 4.0580 3.8730
59.0000 4.0612 3.8855
60.0000 4.0642 3.8974
