10.0000 3.1477 2.7770
11.0000 3.1860 2.8394
12.0000 3.2193 2.8801
13.0000 3.2498 2.9050
14.0000 3.2790 2.9180
15.0000 3.3080 2.9222
16.0000 3.3374 2.9203
17.0000 3.3677 2.9144
18.0000 3.3991 2.9067
19.0000 3.4316 2.8993
20.0000 3.4654 2.8936
21.0000 3.5001 2.8914
22.0000 3.5355 2.8940
23.0000 3.5712 2.9023
24.0000 3.6070 2.9170
25.0000 3.6422 2.9383
26.0000 3.6767 2.9659
27.0000 3.7100 2.9994
28.0000 3.7418 3.0377
29.0000 3.7719 3.0798
30.0000 3.8003 3.1248
31.0000 3.8267 3.1715
32.0000 3.8513 3.2188
33.0000 3.8740 3.2661
34.0000 3.8950 3.3126
35.0000 3.9144 3.3580
36.0000 3.9321 3.4017
37.0000 3.9485 3.4436
38.0000 3.9635 3.4833
39.0000 3.9772 3.5212
40.0000 3.9899 3.5569
41.0000 4.0015 3.5906
42.0000 4.0123 3.6222
43.0000 4.0221 3.6521
44.0000 4.0312 3.6801
45.0000 4.0396 3.7064
46.0000 4.0474 3.7311
47.0000 4.0546 3.7542
48.0000 4.0612 3.7760
49.0000 4.0673 3.7965
50.0000 4.0730 3.8157
51.0000 4.0783 3.8337
52.0000 4.0833 3.8507
53.0000 4.0878 3.8666
54.0000 4.0921 3.8817
55.0000 4.0960 3.8957
56.0000 4.0997 3.9092
57.0000 4.1032 3.9216
58.0000 4.1064 3.9335
59.0000 4.1094 3.9446
60.0000 4.1122 3.9551
