10.0000 3.0474 2.5914
11.0000 3.0972 2.6590
12.0000 3.1409 2.7119
13.0000 3.1805 2.7528
14.0000 3.2173 2.7837
15.0000 3.2524 2.8064
16.0000 3.2864 2.8229
17.0000 3.3200 2.8348
18.0000 3.3534 2.8438
19.0000 3.3868 2.8516
20.0000 3.4203 2.8596
21.0000 3.4538 2.8691
22.0000 3.4873 2.8813
23.0000 3.5205 2.8969
24.0000 3.5531 2.9166
25.0000 3.5850 2.9405
26.0000 3.6160 2.9688
27.0000 3.6457 3.0009
28.0000 3.6740 3.0365
29.0000 3.7007 3.0749
30.0000 3.7259 3.1152
31.0000 3.7495 3.1569
32.0000 3.7714 3.1990
33.0000 3.7917 3.2411
34.0000 3.8104 3.2824
35.0000 3.8277 3.3228
36.0000 3.8437 3.3615
37.0000 3.8584 3.3986
38.0000 3.8719 3.4339
39.0000 3.8844 3.4673
40.0000 3.8959 3.4986
41.0000 3.9066 3.5281
42.0000 3.9164 3.5556
43.0000 3.9255 3.5813
44.0000 3.9339 3.6053
45.0000 3.9418 3.6276
46.0000 3.9491 3.6484
47.0000 3.9560 3.6676
48.0000 3.9624 3.6856
49.0000 3.9684 3.7023
50.0000 3.9740 3.7179
51.0000 3.9793 3.7324
52.0000 3.9843 3.7457
53.0000 3.9891 3.7583
54.0000 3.9936 3.7700
55.0000 3.9979 3.7809
56.0000 4.0019 3.7910
57.0000 4.0058 3.8006
58.0000 4.0095 3.8095
59.0000 4.0131 3.8179
60.0000 4.0165 3.8257
